6
138 512
4.625 6.5625 -9.4375 -14.875 -4.3125 10.125 -4.9375 -9.0 2.0 -3.875 -15.6875 12.0625 5.4375 -2.125 -4.75 7.375 
10.25 -9.875 -15.1875 -9.5 12.9375 4.1875 -14.9375 -9.9375 0.6875 -10.875 -4.625 -7.75 -6.75 -11.375 4.1875 5.625 
8.9375 -11.25 -6.25 8.0625 9.0 -11.75 -8.125 -8.875 -10.875 -19.125 11.1875 -9.1875 13.0625 -13.625 -7.0625 -9.1875 
15.25 -4.0625 -13.25 11.25 12.875 -14.9375 -11.375 -7.75 10.625 -16.25 -4.0625 -8.5625 10.625 10.125 8.5 7.3125 
-7.75 -13.9375 -11.0625 -13.125 12.8125 1.125 -10.6875 -16.875 6.1875 -13.0 10.0 -9.5 -13.5625 18.0 27.0 12.75 
-4.4375 3.75 -9.125 8.75 -12.375 6.4375 5.9375 -19.875 -5.625 2.25 11.5625 1.625 14.3125 11.875 -10.9375 9.6875 
-13.5625 10.5 -10.6875 -9.9375 -16.4375 11.1875 7.0625 -7.3125 15.8125 4.75 14.1875 -12.125 15.625 8.25 12.6875 20.1875 
-5.625 7.9375 -15.9375 -8.9375 -8.375 13.1875 -5.875 18.25 -16.3125 17.1875 16.8125 8.9375 -12.0 -5.875 7.75 -7.75 
18.0625 13.0625 -11.4375 -18.625 -3.5 -3.6875 -2.1875 -6.5625 13.5 8.3125 -5.6875 -0.75 4.625 14.8125 -14.875 -9.4375 
14.0625 2.8125 -12.5 -6.5625 -8.125 -14.625 16.125 -5.8125 5.625 10.8125 -14.3125 11.0 5.25 -15.8125 -9.0625 -14.1875 
14.3125 -17.875 -10.5625 0.625 -8.6875 -14.75 -6.0 -11.0625 -9.625 13.875 9.375 -12.4375 13.375 -4.375 -15.0 17.125 
12.3125 -6.9375 -9.4375 7.3125 -7.5 7.8125 12.875 17.6875 11.9375 4.5625 -6.625 8.25 11.375 -7.25 7.1875 -5.875 
-9.0625 -14.25 -9.625 -14.625 8.5 -5.625 11.0 11.9375 9.75 -14.875 13.1875 -11.6875 5.6875 10.8125 -0.875 -7.5 
-5.4375 10.0 -8.4375 15.3125 4.1875 -8.5 -15.8125 3.5 -18.9375 12.0625 18.6875 9.8125 8.5 10.8125 -5.375 11.6875 
-13.25 10.4375 -11.5 -13.25 7.1875 7.9375 17.375 -14.75 7.9375 8.625 1.5 -9.1875 -9.0 6.75 -7.1875 -16.5625 
-18.625 13.1875 -5.0 -6.6875 7.25 -13.125 17.5 -6.625 -10.1875 14.0 10.75 10.3125 10.875 10.875 -9.0 8.0625 
13.25 11.1875 -9.4375 -8.8125 2.375 -3.6875 9.3125 14.25 10.125 -10.5 -13.375 11.75 8.8125 -0.125 -4.125 -12.5625 
13.1875 -17.875 -9.125 -0.4375 2.375 14.1875 -5.375 -9.125 5.125 -8.875 -11.0625 -16.9375 6.5625 8.8125 -6.5625 -9.25 
7.5625 -6.3125 -10.9375 14.625 18.0 -2.4375 -11.375 -14.0625 -11.0 -10.9375 11.4375 -14.1875 -13.75 11.0625 9.125 -4.75 
1.0 -7.4375 -13.75 8.8125 9.875 -12.8125 -7.875 0.25 9.875 -8.875 -14.6875 -9.0 -10.375 -13.625 -5.5625 -3.75 
-13.5 -10.8125 -8.5 -11.0625 1.125 -11.1875 10.0625 11.8125 8.125 -6.6875 17.375 -4.8125 -9.375 10.5 14.0625 4.1875 
-17.625 9.875 -4.3125 11.5 -14.875 14.9375 2.8125 -15.5625 -14.0 10.375 8.625 2.1875 -5.625 -10.25 4.125 -12.5625 
-10.6875 11.625 -9.125 -10.8125 -9.0 5.3125 5.4375 -15.25 8.75 10.3125 8.8125 -11.5 -11.875 -6.875 -15.3125 -15.375 
-9.5625 14.3125 -13.875 -12.9375 -10.8125 12.875 -9.375 13.5 -10.8125 9.625 4.875 7.25 5.625 8.8125 -1.5625 13.9375 
11.625 8.6875 -17.6875 -21.5 -16.3125 -12.5 10.0 -7.0625 12.875 12.0625 -12.75 8.125 -12.25 -7.875 9.0 -3.1875 
7.625 -10.1875 -4.9375 -14.3125 -2.0 -12.8125 9.5625 -15.6875 11.625 17.4375 -16.625 17.1875 -3.5 12.75 10.25 10.1875 
9.8125 0.875 -7.0 7.3125 -8.5625 -8.8125 -8.375 -13.0 -17.6875 13.375 12.5625 -17.875 -13.0625 14.75 11.25 7.75 
13.75 -15.0625 -14.4375 8.625 -13.125 2.1875 4.1875 12.5 6.5625 7.375 -6.625 12.625 -19.0625 11.1875 1.4375 7.875 
-13.1875 -6.6875 -16.8125 -20.625 12.75 -8.5 8.0 8.8125 9.875 -3.8125 11.0625 -9.25 -13.6875 -4.8125 4.1875 7.0 
-9.0 5.0625 -12.9375 9.1875 10.6875 -17.75 -8.3125 5.8125 -17.9375 10.8125 3.3125 11.5625 -12.6875 -16.75 7.3125 -5.9375 
-12.625 11.125 -4.125 -7.125 8.375 6.25 14.0 -2.875 17.4375 12.375 10.75 -13.875 8.1875 -7.5 11.625 21.9375 
-10.9375 4.875 -8.8125 -11.4375 14.625 -5.5625 14.125 -14.625 -3.5625 9.125 14.6875 11.125 -19.0625 -8.875 13.3125 -13.625 
138 512
15.125 -19.875 -9.875 -8.6875 -13.1875 11.625 17.75 7.875 -12.875 -10.0625 -19.875 12.0 12.125 20.75 7.3125 11.3125 
-3.3125 15.5 -11.4375 3.6875 -9.0 -13.125 -17.0 -12.1875 -12.6875 16.25 -8.4375 -16.5625 20.75 19.4375 6.375 -15.3125 
-21.6875 -7.4375 -19.75 -11.375 -16.1875 -11.1875 14.875 -15.125 -6.0 -12.1875 10.9375 -12.125 -19.8125 -1.9375 -21.8125 18.9375 
-6.4375 12.375 20.875 6.625 -10.75 4.8125 -11.0 -10.0625 -13.75 22.4375 9.0 -10.125 -6.75 18.125 -5.0 12.1875 
-10.9375 11.4375 -13.5 -17.375 12.6875 16.6875 8.1875 12.6875 17.625 17.125 -13.0 -14.125 -1.5625 17.5625 -15.75 13.0625 
15.6875 -16.375 18.5 8.4375 13.75 9.875 10.1875 -14.6875 7.0 -22.5 -14.1875 -17.5625 -12.8125 -16.375 -17.25 15.375 
9.875 8.5 7.5 15.125 6.8125 -7.3125 -9.375 -3.25 11.375 14.875 -11.0 -6.875 14.625 -17.9375 20.625 6.0 
15.8125 -16.6875 -17.3125 11.25 17.0 17.0 15.375 -22.5 14.5 -9.75 2.1875 -10.75 12.125 2.5625 -14.8125 6.0 
-11.6875 9.5 17.8125 13.25 12.0 -9.875 8.8125 10.0 12.5 -12.6875 15.5 -15.5 -17.0 -17.125 -10.0 12.8125 
17.5 -12.0 19.5 13.0625 -7.9375 -12.375 -14.1875 -1.875 -14.1875 -9.5 -15.1875 23.0625 -12.5625 18.3125 -10.1875 -19.625 
7.0625 10.4375 -18.25 9.4375 -13.625 -18.6875 -17.8125 -13.875 9.1875 -15.1875 3.3125 -9.3125 20.0 9.0 9.5625 17.4375 
17.25 -18.5 15.25 -21.6875 -9.1875 8.6875 14.125 -14.5625 13.875 11.75 9.0625 -13.8125 10.375 26.125 -9.9375 -20.625 
16.0625 -10.3125 10.875 -4.875 -12.4375 -13.375 17.625 18.625 9.75 -1.625 -9.375 -2.5625 5.3125 -12.8125 15.4375 15.3125 
-10.3125 16.1875 -13.6875 4.0 12.4375 7.8125 9.5625 11.6875 14.125 -11.3125 -5.4375 -10.0 -17.0625 -17.875 -11.625 -11.5 
-16.6875 -7.25 19.5625 -19.4375 15.4375 -16.875 25.75 -12.75 -21.3125 -5.9375 -19.5 7.75 11.8125 -8.875 11.0625 -0.75 
-22.625 3.75 -10.75 -15.625 16.875 17.75 -12.4375 -10.0 -9.5625 10.9375 7.6875 14.5 13.3125 7.1875 14.0625 -12.4375 
12.6875 -13.25 -13.3125 -14.9375 24.5 12.375 -17.875 20.0625 -12.125 -8.9375 -10.5625 18.0 12.625 -9.0625 10.75 20.875 
0.375 13.75 -20.8125 6.4375 -18.625 7.625 -5.9375 24.375 -19.25 12.9375 -5.375 -16.25 -19.8125 5.8125 -11.5 -5.125 
-26.75 -13.5 -11.9375 -2.3125 -5.5 -17.8125 21.3125 -13.8125 -6.375 -14.25 7.0625 -7.4375 12.125 -10.5625 9.9375 4.625 
-15.3125 16.4375 5.0625 13.125 -14.875 16.8125 -3.875 -14.1875 -10.3125 9.3125 12.875 -19.3125 19.75 -6.4375 20.0 12.4375 
-0.5625 9.5 -9.5 -8.875 -8.125 14.5 -16.5625 6.5 21.3125 12.75 -11.9375 -13.3125 -7.8125 -13.0 -7.75 8.6875 
12.6875 -21.125 16.4375 5.375 5.75 -17.75 13.0625 4.0625 22.125 -4.6875 -10.8125 -11.375 14.75 -16.1875 13.375 7.25 
3.5625 12.4375 9.5 16.9375 19.625 -16.4375 -8.6875 -7.6875 14.1875 17.25 -9.1875 -7.1875 -8.4375 13.875 -10.1875 17.875 
8.5625 -18.75 -15.25 18.5625 16.3125 8.9375 8.5625 -10.6875 18.1875 -10.5625 13.3125 -16.9375 -17.375 -12.25 17.25 17.375 
-9.625 14.25 9.375 21.125 12.4375 12.125 17.125 -16.125 15.1875 -13.4375 15.8125 -14.1875 8.0 -11.4375 13.375 -18.0625 
8.4375 -8.6875 9.3125 16.25 -4.6875 10.3125 -11.1875 1.75 -11.75 -16.375 -12.375 7.25 10.5 8.375 9.3125 -11.8125 
11.125 3.9375 -9.9375 12.875 -16.8125 -13.75 -13.75 -16.0625 10.75 -11.375 8.8125 -16.0 -21.25 -8.75 -8.75 13.1875 
13.4375 -4.9375 6.625 -7.75 -17.125 13.75 13.5 -17.1875 18.125 10.5625 14.3125 -9.9375 -18.25 -6.8125 16.25 -7.6875 
14.25 -6.5625 11.9375 -16.8125 -18.25 15.5 14.5 -19.375 11.6875 16.5625 -13.9375 -18.1875 -19.9375 -4.9375 -14.375 -11.4375 
-19.0 15.625 -20.5625 17.0625 9.9375 -6.8125 15.5 -20.6875 13.3125 -15.625 -3.25 -20.4375 15.375 -3.3125 20.0 -12.375 
-8.5 -14.375 18.5 -12.625 14.375 -20.75 14.75 -12.6875 -14.375 -16.1875 -15.5 6.8125 -15.8125 9.125 -8.8125 22.9375 
-5.8125 15.9375 -21.3125 -14.9375 14.5625 10.5625 -11.8125 -12.4375 -23.0 10.625 12.625 9.875 -15.6875 -14.5 -11.3125 -9.5625 
139 512
8.8125 14.125 13.5 9.0625 -10.375 14.0625 15.3125 13.625 4.0 14.0625 8.375 -13.375 9.5625 -15.9375 -7.875 3.0625 
12.125 8.375 5.0625 -12.375 -4.4375 13.375 -18.1875 -12.75 14.0625 10.5 15.75 -10.3125 -8.5625 -7.8125 -21.6875 -1.0 
-9.9375 8.3125 13.3125 10.3125 3.0 7.375 -14.125 -17.5625 -12.375 -9.25 -1.1875 2.6875 -10.5 -5.6875 8.375 -3.125 
-10.1875 -10.1875 12.8125 -7.9375 2.6875 -11.125 -4.75 -12.8125 -18.25 11.3125 -0.375 -17.9375 -12.625 -16.3125 8.125 -5.25 
13.375 12.625 -6.125 8.3125 10.8125 -8.75 -2.25 4.8125 -8.5625 -14.75 9.6875 8.6875 -13.8125 -11.0625 0.8125 -6.5625 
10.0 -5.375 -3.1875 9.8125 9.6875 12.25 -5.875 -16.9375 7.875 -11.9375 0.5625 -6.4375 -9.6875 10.5625 -3.625 4.875 
-11.125 -14.1875 -12.1875 5.9375 7.3125 -5.125 -5.5 -10.4375 10.125 -12.0625 12.25 9.25 -9.25 -12.0625 -10.6875 11.9375 
-14.125 -11.4375 -11.9375 -11.6875 11.5 -1.9375 10.3125 4.0 -12.0 15.5 2.5625 -2.375 12.9375 19.4375 -14.0 -9.875 
-10.5 11.25 -15.125 -7.75 -3.125 -10.1875 -11.9375 17.3125 7.5625 5.4375 10.1875 -7.625 -11.1875 6.625 -12.4375 4.9375 
4.4375 -13.0 9.6875 -7.9375 6.5 8.5625 14.1875 -9.75 9.875 7.625 10.8125 18.8125 9.5 11.375 14.0 -9.9375 
11.3125 21.4375 4.3125 -7.5 0.875 -10.1875 14.875 8.1875 13.3125 4.4375 9.375 13.625 16.0 3.75 3.3125 13.5 
-15.875 1.875 0.9375 12.5 -5.5625 -10.0 -9.8125 -10.25 2.8125 1.0625 -17.3125 12.1875 8.5625 1.25 13.3125 -6.0625 
-6.625 -14.5625 6.25 -19.5625 12.75 -1.0625 -7.625 1.75 15.25 10.375 -8.5625 -3.0 7.3125 11.625 -12.875 9.125 
11.875 -6.25 -6.375 -9.75 -8.8125 -11.9375 9.0 -9.3125 12.125 -13.0625 11.5625 3.25 -12.5625 11.875 -5.625 12.25 
12.4375 16.6875 -3.625 15.625 7.8125 -8.75 -12.875 6.75 7.125 -12.1875 -20.6875 -10.875 14.8125 9.8125 2.9375 -9.1875 
-10.25 -5.6875 3.3125 -13.9375 -7.625 0.3125 10.0625 -11.0 5.9375 -6.875 9.9375 4.375 10.3125 10.4375 16.0 7.0625 
12.375 14.6875 13.3125 5.5 -12.5625 14.625 6.6875 2.8125 6.4375 11.6875 11.0 -15.625 0.9375 -13.875 -2.3125 7.6875 
17.9375 4.4375 9.3125 -9.125 -2.25 12.0 -4.3125 -1.9375 18.875 6.5 5.3125 -3.625 -6.0 -8.625 -12.25 8.0625 
-13.875 11.6875 2.25 8.1875 15.6875 8.8125 -9.375 -8.75 -11.8125 -15.5625 6.0 13.625 -19.75 -9.1875 2.0625 -20.5 
-9.625 -11.75 16.0 -13.125 3.5625 -7.5625 -8.0625 -5.0 -9.0625 8.0 -12.625 -16.125 -4.375 -2.5 15.875 -11.625 
13.9375 15.6875 -6.9375 9.9375 14.4375 -5.9375 -10.0 10.625 -7.5625 -9.25 11.4375 14.0625 -14.0 -6.0625 9.4375 -10.875 
10.5625 -14.4375 -9.5625 4.75 9.6875 14.125 -8.6875 -15.125 19.75 -16.375 4.3125 -14.0 -7.75 11.5 -10.625 -9.8125 
-8.6875 -11.1875 -14.25 11.0625 3.8125 -7.3125 -17.0625 -0.875 15.6875 -16.3125 13.125 19.1875 -8.1875 -15.375 -13.0625 12.8125 
-7.5 -15.3125 -12.6875 -8.875 15.625 -18.0 10.25 11.1875 -8.25 9.625 6.625 -12.6875 9.125 8.625 -16.6875 -17.6875 
-7.4375 3.75 -4.3125 -11.75 -5.8125 -12.3125 -2.4375 11.8125 2.5625 5.625 12.5625 -0.4375 -2.1875 8.3125 -6.5625 5.5625 
11.375 -11.125 1.25 -17.0 11.75 18.5625 11.0625 -12.4375 8.8125 12.75 9.5625 8.4375 2.5625 12.25 13.6875 16.875 
13.25 20.125 5.875 -10.375 12.125 -4.5625 8.25 6.375 6.1875 10.5 14.0 13.125 10.125 4.125 9.0625 14.0 
-8.6875 10.75 -18.375 12.3125 -13.0 -4.4375 -16.3125 -19.0625 4.0 -8.4375 -9.3125 14.0 5.625 12.125 17.9375 -5.375 
-6.375 -5.9375 5.875 -15.125 10.9375 -20.1875 -1.5 8.1875 6.1875 8.0625 -14.9375 -3.9375 14.375 1.75 -8.25 8.5625 
3.1875 -20.8125 -11.9375 -11.0 -9.375 -6.0625 15.375 -6.1875 10.375 -11.3125 13.375 9.3125 -10.625 1.5 -14.875 -2.625 
16.375 12.1875 -6.4375 7.9375 4.9375 -12.3125 -7.375 17.875 14.25 -11.3125 -10.1875 -10.5 6.8125 10.9375 8.3125 -8.125 
-11.375 -3.5625 7.4375 -5.625 -19.9375 8.9375 4.3125 -14.9375 19.125 -14.3125 6.4375 15.6875 9.125 7.625 14.75 10.25 
139 512
-10.9375 15.375 3.8125 -11.625 -6.4375 -14.3125 -14.6875 11.4375 9.4375 -12.625 -8.6875 -1.9375 8.75 14.375 -12.5625 -5.5625 
19.1875 -6.8125 -19.8125 -12.8125 20.6875 12.4375 7.6875 6.6875 13.1875 8.75 -8.75 12.375 -24.9375 -11.3125 -12.0 3.5625 
-11.4375 9.625 18.4375 8.4375 13.9375 7.5625 10.3125 -9.875 -10.5625 14.75 12.9375 16.9375 10.625 12.5625 16.25 12.6875 
15.6875 -4.0625 -6.8125 18.4375 7.75 -18.3125 -16.9375 5.6875 17.9375 -6.5 -20.0625 -10.625 -10.1875 -1.0625 -6.9375 18.875 
15.125 17.9375 -13.4375 9.9375 -13.375 11.9375 -8.375 17.5625 9.3125 -20.1875 -18.3125 -10.125 15.5 -19.25 -5.3125 6.75 
-12.125 -12.4375 -19.3125 19.6875 -13.6875 -7.375 3.5625 -12.8125 -17.0625 -7.25 -12.5625 13.875 6.0 14.125 -18.6875 -3.875 
8.0 7.9375 -5.5625 -10.75 3.125 6.75 -18.0 12.9375 -9.875 8.4375 -3.25 27.3125 7.6875 -17.875 14.5 -10.25 
-18.3125 -13.625 19.0625 6.625 -21.5625 11.0 -7.4375 12.1875 -9.8125 6.1875 -12.6875 -13.25 10.1875 -13.8125 18.8125 6.0 
-9.875 -8.6875 -8.1875 10.4375 11.125 12.125 -13.875 17.3125 -14.375 -7.125 17.75 -12.375 -15.5625 -16.9375 7.8125 7.5 
-15.1875 -10.5625 -10.0625 11.3125 -10.4375 15.5625 5.125 23.3125 -10.0625 12.125 10.375 15.6875 -18.875 6.8125 -1.3125 -15.5 
9.3125 10.625 11.0625 14.3125 -12.25 -14.5625 9.875 10.25 12.875 16.875 12.1875 12.25 6.5 11.0625 -20.8125 8.6875 
14.1875 15.25 12.3125 16.875 11.75 14.8125 6.375 10.8125 -7.8125 -4.9375 -11.375 11.25 -15.75 19.875 12.5625 -22.75 
21.3125 1.0625 20.75 6.5 3.6875 16.875 -12.3125 10.5 2.5625 -8.625 -7.9375 9.6875 -8.3125 -16.875 6.625 -15.1875 
15.5625 14.5 -11.875 19.375 5.3125 1.0 6.375 -10.0625 12.25 11.9375 8.875 -9.9375 -13.1875 -14.3125 9.4375 -15.125 
-14.5625 -13.9375 -14.8125 13.3125 -7.25 8.625 -12.875 14.625 -17.9375 11.125 12.375 10.4375 11.75 11.375 -13.3125 -9.8125 
-7.3125 -8.9375 -13.375 0.5 -21.3125 10.5625 11.8125 -11.0 17.5625 -14.5 -2.4375 -12.875 -17.8125 22.9375 10.0625 -16.625 
-27.9375 16.25 -9.0625 5.4375 14.375 15.625 -7.75 4.0 16.625 -16.0625 6.8125 6.875 -6.9375 -10.3125 -11.0625 -4.5625 
20.75 -20.625 13.375 14.0 13.1875 7.0 -17.5 -18.1875 2.875 9.375 12.25 -12.625 -6.5625 -13.375 13.3125 -10.375 
-10.625 20.875 9.8125 18.4375 10.0625 15.6875 5.125 -9.5625 -8.0 11.0625 8.625 3.4375 18.5625 15.375 7.25 3.5625 
9.125 -19.5625 -19.4375 14.8125 14.375 -14.125 -19.25 15.6875 16.6875 -5.0625 -12.375 -16.875 -16.375 -12.875 -11.125 22.8125 
15.75 9.9375 -18.25 11.5 5.5625 -4.1875 7.875 -14.5 15.4375 -13.3125 -19.5625 -22.125 -10.75 11.9375 7.3125 -16.3125 
-17.0 -18.0625 -13.125 13.0625 -24.5 -8.9375 16.625 -13.0 -17.0625 -17.0 -6.0 16.1875 13.75 14.625 -9.25 -7.75 
3.25 10.8125 -15.8125 -10.8125 8.8125 13.5625 -8.8125 15.6875 -10.6875 14.125 -1.1875 11.875 10.3125 -19.375 16.375 -11.0 
-7.0625 -5.5625 11.1875 9.0625 -2.375 15.1875 -14.75 12.0 -11.9375 9.25 -16.625 -6.8125 16.9375 -12.4375 10.0 11.125 
-20.875 -20.9375 13.6875 -17.75 20.75 10.0625 11.125 -9.1875 -17.375 -11.6875 -14.4375 12.125 -13.6875 -15.375 -12.3125 -19.4375 
-10.0 -21.0 9.5625 -21.0 -14.5625 12.625 -11.0 -8.75 -12.875 17.0 -10.75 -15.25 -13.4375 9.875 15.4375 16.8125 
26.4375 3.25 20.6875 7.6875 -6.75 -6.875 15.75 16.6875 13.0625 15.0 25.75 16.6875 10.125 13.3125 -9.6875 19.125 
10.1875 7.625 15.75 17.125 10.625 19.5 4.375 13.25 -6.0 -25.875 -10.625 14.25 -15.5625 11.0625 20.625 -8.8125 
17.375 9.375 19.0 6.9375 8.1875 13.5 -16.5 9.3125 14.375 -12.4375 -5.8125 6.5 -25.125 -16.5 13.5 -22.0 
20.125 9.1875 -16.375 8.0625 18.375 12.4375 11.5 -19.1875 12.4375 3.4375 12.9375 -22.8125 -9.375 -9.1875 4.9375 -6.0 
-17.0 -13.0 -11.8125 10.8125 -11.6875 21.0 -11.1875 20.8125 -11.375 13.375 0.0 19.0 7.125 13.0 -16.5 -6.4375 
-10.375 -6.0 -12.3125 -15.75 -13.75 10.5625 13.4375 -4.75 8.5625 -19.25 -7.125 -5.625 -13.5625 6.1875 9.6875 -8.9375 
140 512
-0.125 14.25 5.8125 12.125 9.5 -6.3125 -20.1875 -8.9375 -8.5625 -9.6875 -0.8125 -12.125 -3.5625 10.125 -12.4375 -20.8125 
9.5625 9.125 -16.0625 11.125 14.0 6.5625 14.875 -9.0625 9.1875 7.3125 -12.25 -13.4375 7.4375 -2.25 9.75 11.0625 
7.4375 8.375 -12.1875 10.8125 11.3125 -12.375 -10.8125 -13.5 -14.1875 7.9375 13.0 9.875 5.5625 -4.8125 11.25 12.875 
13.5 -12.5625 -17.875 -12.6875 9.0 -5.75 10.9375 -11.875 7.8125 -0.1875 14.6875 8.375 -15.8125 -18.1875 -6.6875 19.6875 
17.4375 -16.8125 -15.25 13.625 -17.25 6.5625 17.5625 -7.0625 -8.625 -17.6875 -17.375 5.5625 9.25 11.4375 19.0625 4.9375 
-14.0 -5.6875 -8.0 -5.5 13.875 -8.6875 2.125 -6.0 -14.5625 9.3125 -8.8125 11.0625 -13.625 -9.25 5.625 -8.0 
7.3125 13.375 6.125 10.9375 11.875 -13.9375 -7.1875 6.125 10.25 13.3125 15.8125 -10.3125 -12.3125 5.9375 12.125 -7.3125 
-18.25 -8.125 -2.3125 -13.4375 -17.4375 -15.1875 -6.9375 -7.9375 -9.875 -6.3125 10.375 13.25 -12.3125 -8.75 4.4375 10.625 
-6.375 -1.6875 4.6875 13.9375 3.9375 -5.4375 -12.5 6.3125 6.375 -4.3125 11.125 -4.1875 12.75 11.0 -7.25 7.75 
13.0625 11.0 8.0 10.125 -16.3125 13.5 7.4375 13.5625 9.8125 -0.6875 -12.0 -9.625 13.6875 -1.9375 -9.4375 -14.3125 
-3.5 -9.125 -13.0625 2.375 7.8125 9.1875 10.125 -16.5625 -6.875 -7.5 -10.5 9.25 12.5625 -12.8125 -13.4375 -5.125 
16.75 -12.875 12.3125 -10.125 -18.75 11.25 8.6875 22.5625 6.375 -12.4375 -12.5 -7.0 -11.875 6.9375 -5.25 9.625 
-10.875 9.0625 -6.0625 8.5625 -14.75 -13.625 -7.125 -4.75 16.3125 3.4375 11.375 -8.6875 8.75 -7.75 -15.1875 -17.9375 
-7.8125 -6.9375 7.875 -12.125 -12.375 6.75 9.5 11.3125 -3.4375 19.75 -16.0 -16.9375 6.25 6.4375 -12.625 -9.6875 
-13.375 -3.6875 15.5625 14.3125 9.1875 13.1875 -14.5625 -6.6875 -13.1875 -11.5625 3.625 -6.8125 -9.1875 -7.0625 -3.625 -11.25 
-11.375 -17.75 15.5625 -14.1875 2.5 13.125 -7.25 5.0625 -7.0 -9.375 -11.4375 6.25 6.25 11.4375 16.4375 -18.25 
4.375 10.4375 9.6875 19.875 13.875 11.8125 -6.0625 9.375 -5.5 -8.9375 -7.1875 -12.4375 16.0625 9.0 11.3125 -11.625 
14.125 13.5625 -4.625 6.8125 2.75 -6.875 5.0625 18.5 7.375 6.625 -12.0 0.0 -10.625 -14.5625 -5.4375 10.8125 
-2.125 7.6875 -9.8125 7.0 2.4375 8.75 -7.0 0.0 -8.8125 7.75 14.25 10.4375 -8.3125 -11.3125 -20.0 -10.8125 
14.5 -6.1875 -9.0625 -14.5 6.125 1.375 12.3125 8.3125 11.25 9.1875 7.75 12.625 8.3125 -13.125 12.25 18.625 
10.125 -5.375 -3.625 15.1875 -11.0625 -18.75 6.0625 7.9375 -13.5625 -8.0 -8.6875 7.75 -12.3125 11.125 -11.9375 -10.5 
-10.0625 -3.4375 -12.0 -18.9375 9.5625 3.9375 14.125 16.9375 -7.625 2.6875 4.875 8.75 8.875 -4.375 -10.3125 0.4375 
-1.0625 9.3125 4.625 12.75 10.6875 20.1875 -11.9375 -10.0625 5.9375 15.375 12.5625 -12.375 2.0625 14.875 -4.5625 -18.0625 
-9.0 -9.25 -7.0625 -11.1875 -11.25 13.5625 -7.125 9.9375 -8.625 -9.125 6.3125 15.125 9.5 -12.625 -12.0 14.1875 
-14.375 -12.0625 4.75 6.4375 10.6875 14.875 -7.5625 -11.0 11.5625 -6.4375 1.75 -10.375 -12.6875 11.75 11.1875 8.4375 
8.875 12.375 13.75 13.8125 -17.1875 -5.6875 12.125 -14.625 10.4375 -17.8125 -6.25 -3.8125 -5.375 -6.1875 5.8125 -12.625 
-6.625 -9.3125 -3.375 8.0625 9.0625 -7.8125 9.5625 1.8125 -13.9375 -11.125 -15.5 9.3125 -14.1875 -8.9375 10.5 15.75 
5.9375 -4.5625 5.9375 0.6875 -9.0 -13.0 12.0625 -12.625 15.5625 -12.625 -8.625 -7.4375 14.375 4.25 14.4375 14.4375 
-7.5625 9.8125 -12.25 12.0 -5.4375 7.0625 -8.3125 10.625 6.25 16.1875 9.125 -12.5 -7.5 -13.5625 13.4375 11.5 
-14.8125 -4.6875 11.375 -6.9375 -11.125 -8.5625 12.375 -6.0625 -12.9375 12.9375 -8.6875 -11.8125 -14.625 8.4375 4.6875 -7.5625 
-0.5625 -13.75 11.4375 7.5 8.3125 -8.875 -15.3125 2.75 -11.4375 -15.125 3.375 -10.75 14.6875 -16.625 11.625 -5.9375 
-10.5625 -9.8125 7.1875 -7.5 15.125 -10.6875 -13.3125 -8.875 -11.0625 -5.5625 -10.0 13.0 -10.875 10.3125 -4.1875 -9.9375 
140 512
-14.375 19.875 8.0 -12.125 -7.6875 14.8125 -9.375 -17.5625 -9.6875 4.3125 -22.3125 -10.0625 9.875 9.1875 -14.3125 12.3125 
-19.6875 -15.375 -11.0625 -17.4375 9.8125 8.0625 25.1875 13.125 14.4375 19.9375 -20.0 -14.5 -5.5625 19.0625 -21.0625 -14.375 
-8.875 -21.125 12.5625 -15.375 3.875 17.75 12.875 -4.875 -6.9375 -12.6875 -12.0 10.875 7.6875 9.8125 16.375 -19.5625 
25.9375 -4.4375 9.125 14.625 -14.4375 -4.0 -2.9375 -12.0 8.0 -3.4375 -1.375 -13.9375 -10.375 16.375 6.6875 18.875 
-18.625 -16.5625 20.0 -13.125 -18.1875 10.5 14.0 -8.375 -11.3125 -15.9375 -20.6875 -9.875 14.1875 10.9375 7.625 8.0 
-14.625 -5.125 13.75 -9.3125 15.5 10.625 13.0 -0.75 8.375 11.875 -10.4375 5.0 23.125 -15.0 -18.25 18.0625 
-14.5625 11.5625 10.8125 -26.8125 11.1875 6.375 -9.625 7.25 -18.9375 19.5625 3.3125 13.3125 22.125 -23.4375 -10.5 -17.5625 
3.9375 -13.25 10.25 -5.6875 -16.625 3.25 -12.125 13.375 25.375 -4.375 -4.25 -4.5625 17.625 19.5625 16.1875 9.3125 
13.375 -18.875 22.8125 -8.875 10.375 22.25 -15.0625 4.875 15.8125 -3.4375 6.9375 -11.0625 12.9375 8.0 -7.25 -12.75 
14.25 24.375 -10.8125 -10.125 9.3125 16.5625 -6.5625 10.875 7.5 14.1875 -11.0625 -14.5625 -10.875 -1.375 12.375 14.875 
-17.375 -10.1875 15.0 -11.25 -11.0 15.0625 -13.125 -18.5625 -2.875 -16.375 -19.0 14.5 -16.875 6.375 -6.5625 -20.5625 
19.0625 -11.5 9.9375 15.625 20.0 13.75 -2.875 18.9375 11.75 -7.375 8.6875 -8.4375 5.5 -10.9375 18.0 -18.875 
9.625 9.3125 9.9375 -13.6875 11.8125 7.75 -8.25 9.3125 -16.75 -14.8125 -9.6875 -8.625 -14.0625 8.5 -17.5625 10.5 
22.8125 6.0625 9.375 -23.5625 13.6875 15.1875 -12.0 -12.125 5.125 11.0 -15.4375 21.1875 12.125 -11.25 -7.25 -17.375 
-18.625 13.375 10.625 -9.8125 -9.8125 9.4375 -15.4375 -15.9375 -12.375 13.6875 20.375 12.9375 -10.0 -12.625 6.75 15.6875 
1.3125 -6.5625 16.0 -23.875 16.625 -14.875 10.1875 -20.75 12.8125 -12.6875 -7.0625 -7.25 -14.4375 -18.375 -16.1875 6.4375 
-17.0625 17.25 -8.0625 7.9375 8.8125 -8.5 -6.1875 -14.875 -8.25 16.125 10.8125 8.625 -8.3125 -11.4375 -13.5625 -9.5625 
-18.4375 -2.1875 11.625 24.625 5.25 6.25 -6.5 -14.875 12.0625 16.8125 9.5 16.3125 -11.625 4.4375 13.625 11.75 
-15.9375 -4.75 17.3125 -14.4375 16.5 -12.125 20.5 4.0 -9.4375 -11.375 -12.5625 11.0 -1.8125 -5.6875 8.5625 19.9375 
10.5 -14.75 8.0625 15.375 -7.875 8.5625 12.9375 11.875 17.3125 -2.125 9.875 -11.8125 -4.9375 -12.125 18.8125 -13.6875 
-12.25 -13.3125 10.75 -11.0625 15.6875 -7.25 -14.3125 20.4375 -4.25 -8.0625 -11.6875 -14.6875 -11.0625 -15.25 -7.25 7.875 
-11.8125 -14.5625 13.25 -13.1875 15.75 33.375 8.4375 15.375 13.125 13.125 -5.875 17.0625 16.4375 -13.8125 -11.3125 21.125 
-4.8125 2.875 19.25 -10.9375 8.0 -12.75 -11.125 -12.875 -15.625 5.0 7.0 20.5 7.625 5.0625 -11.0625 23.25 
14.25 -8.0625 17.75 -11.8125 -11.6875 -6.5625 -17.0 -14.3125 11.875 -19.8125 -7.9375 -10.875 12.5625 -18.8125 15.3125 -18.4375 
14.125 -16.1875 -12.8125 8.4375 10.375 4.9375 18.0625 -15.6875 12.4375 -7.0625 -12.625 2.9375 18.625 13.6875 18.625 -14.625 
18.3125 17.375 4.6875 14.5625 16.25 14.375 13.125 -19.625 12.3125 14.1875 20.375 -1.875 -4.375 9.4375 -5.1875 -11.6875 
-17.4375 -10.0 9.9375 -23.5 -21.3125 -8.4375 -15.0625 16.8125 -17.125 -6.9375 -13.0625 10.4375 -10.3125 -8.5 -12.0 8.1875 
14.25 -17.25 15.3125 15.0 12.25 -10.25 -2.625 0.5625 8.9375 -9.5625 15.5625 -18.25 12.125 19.875 12.25 15.5 
10.3125 15.875 18.8125 -12.0 10.4375 22.8125 -6.1875 12.1875 -7.8125 -8.9375 -18.125 -10.5 -8.75 12.0 -11.125 -6.0 
8.4375 14.5 17.0 -2.375 18.75 16.5625 -9.5 -4.125 13.6875 13.125 -10.6875 15.875 4.0 -17.125 -17.75 -17.75 
-6.375 13.6875 11.625 -2.3125 -18.5625 -20.375 -14.6875 6.3125 -7.6875 21.9375 12.1875 16.9375 -10.5625 7.0 8.125 -11.5 
20.25 -13.25 17.125 -14.3125 23.5625 10.0625 8.4375 13.0 14.25 -13.3125 -8.8125 -9.75 -16.625 6.9375 -13.4375 -7.3125 
