110 256
-13.75 -12 6.125 -17.5 -0.3125 11.5625 -4.25 -9.625 13.375 10.125 -12 8.9375 7.3125 14.625 10.25 -7.625 
-8.9375 -4.6875 -6.9375 -11.9375 14.75 14.125 7.0625 -15.75 14.5 -7.5625 -9.875 -9.1875 -5.4375 -15.4375 -14.1875 -11.75 
4.375 7.8125 -14.5 8.1875 -12.625 15.0625 18.4375 -6.0625 5.6875 -6.25 8.125 6.25 -2.4375 -20.375 6.25 13.8125 
-13.375 -4.75 7.6875 12.1875 -16.375 17.8125 5.8125 -5.9375 18.5625 8.875 13.0625 5.25 10.3125 -8.375 -8.6875 -1.0625 
-8.625 9.5 -7.1875 -14 7.6875 11.625 9.9375 -14.25 -2.8125 11.5 1.1875 13.4375 -6.75 -7.5625 -15.625 -10 
-9 4.4375 3 5.875 -8.0625 -10.5 -9.6875 -8.875 -2.9375 -8.9375 9.375 5.0625 -3.875 -13.25 7.875 -7.4375 
-10.875 9.875 -16.3125 -6.75 -7.6875 -13.9375 -16.1875 -6.75 -9.1875 -17.25 -10.3125 -7.375 -10 -7.25 8.1875 -11.5 
-7.5625 8.375 -11 -15.4375 6.875 12.6875 -10.8125 9.625 13.5625 -14.25 9.125 21.1875 -20.5625 -14.875 -7.1875 -11.5625 
7.875 -10.375 4.1875 16.3125 -8.6875 16.5 7.875 -4.3125 11 -10.4375 10.875 11.375 4.75 8.0625 10.4375 5 
15.8125 -11.5 -7.375 14.375 -11.4375 17.125 14.5 0.5625 9.4375 8.125 12.375 -15.1875 -15.1875 11.8125 2.9375 -8.875 
14.9375 -9.9375 -14.1875 -5.0625 -6.5 -17.3125 9.625 12.9375 -15.0625 -11.125 -5 5.9375 11.4375 3.625 -11.9375 5.25 
-13.3125 5.75 10.0625 -7.5 -17.25 -4.3125 -16 -6.75 -8.5625 13.3125 -12.5625 9 -8.4375 -11.125 -11.5625 14 
11.75 18.875 -8.5 16.375 -11.6875 6.9375 -12.4375 -8.5625 5.625 -11.8125 9.9375 4.8125 3.8125 -4.75 6.0625 11.5625 
10.3125 7.625 13.4375 -7.0625 2.9375 -6.75 -13.875 9.0625 4.1875 5.5 9.875 10.6875 6.3125 8.3125 10.4375 -6.5 
-13.75 -9.4375 -10.6875 15.125 -14.5 13.125 -8.3125 -0.625 -18.375 -4.875 -13.1875 -11.375 -17.375 6.9375 5.1875 -2.9375 
-11.125 -15.0625 -11.5 12.625 6.5625 -17.0625 12.375 9.125 11.375 -4.3125 7.1875 10.75 -2.125 -11.1875 9.5 18.8125