60 256
5.625 4.75 -9.75 -16.4375 -0.125 -4.25 3.5625 -12.9375 16 -6.625 -12.9375 -13.8125 -14.125 -6.5625 8.875 8.875 
13.3125 14.875 8.5 -11.125 -11.6875 19.4375 -7.9375 -10.0625 -15.5625 -0.625 9.75 -15.25 9.25 13.75 11.9375 15.5 
6 8.4375 5.6875 9.0625 -0.5 -13.5625 -13.0625 -14.25 -10.375 10.0625 5.9375 14 10.875 -6.375 2 -5.9375 
5.8125 11.4375 -9.375 5.375 -13.0625 11.0625 -8.75 12.375 -15.5 -9.6875 -7.125 10.5625 13.75 -5 4.4375 0.5 
10.25 17.625 12.125 12.5625 -9.6875 9.625 1.8125 5.5 12.375 -12.8125 -9.625 -11.5625 -10.1875 -4.625 7.8125 -13.25 
14.4375 13.875 -16.5625 7.5625 -6.25 6 -11.1875 -7.125 -5.3125 8.5625 18 3.75 9.75 -10.75 -15.625 14 
4.375 14.6875 -6.125 -7.8125 -7.1875 11.625 9.9375 -12 -5 12 9.125 9.5 13.6875 10 7.1875 10.0625 
15.75 7.0625 12.5625 -2.625 -11.875 12.625 4.8125 -5.375 -6.625 13.5 -18 -7.625 5.25 12.1875 17.75 -8.9375 
7.6875 12.625 -9.5625 -15.6875 -14.3125 -13.5 -15.0625 14 9.75 -7.4375 -8.4375 -14.25 -12.875 -18 -12.5 -10.25 
8.5625 8.5 15.1875 -8.5 -10.9375 18 3.125 16.3125 -13.5625 -10 4.625 -11.375 3.25 5.8125 -13.875 -15.1875 
5.3125 7.125 6.1875 13.4375 -6.0625 -13.875 11.125 2.0625 -10.5625 10 4.9375 3.4375 8.9375 -12.625 -10.625 3.6875 
8 6.875 -12.5 4.4375 -17.3125 12.875 11.375 -6.1875 -11.625 0.0625 -16.4375 2.4375 10.25 -10.8125 -14.5625 -7.1875 
8.5625 13.3125 10.25 8.9375 -5.25 15.5 -21.375 -10.0625 10.4375 -8.8125 -8.25 -8.625 -12.3125 10.8125 -11.125 6.9375 
3.5625 12.4375 -9 12.4375 -11.375 3.8125 10.6875 8.6875 -5.1875 6.9375 9.3125 9.625 15.8125 -8.1875 15.1875 -13.375 
14.8125 6.4375 -19.25 -12.9375 -8.5 13.5625 -6.125 8.875 -7.375 2 9.3125 7.0625 4.875 10.9375 -2.8125 -7.75 
9.9375 10.9375 16.375 -14.9375 -12.6875 6.4375 -4 5.875 -6.5 7.3125 -14.4375 -11.6875 4.75 11.3125 -7.5625 10.9375