110 512
19.0625 14.8125 -18.125 9.5 13.1875 -18.625 -17.5 7.125 6.3125 -11.9375 5.0625 -18.1875 -16.5625 12.125 -19.4375 -20.5 
-9.8125 12.3125 7.3125 11.3125 19.5625 13.75 12.8125 -11.5625 -14.0625 7.9375 10.1875 16.875 -12.5625 10.375 -13.625 -15.9375 
-16.3125 -0.375 -6.625 15.75 -15.5625 -12.3125 9.0625 12.875 6.9375 -13.3125 -9.75 11.5 10.125 -14.875 -18.6875 9.3125 
7.125 -11.1875 -10.3125 -8.125 -13.5625 11.3125 -10.8125 -10.25 -11.875 7.9375 -22.3125 -13.125 21.5625 -15.5 8.9375 10.875 
9.8125 10.375 7.8125 8.8125 11.0625 10.6875 12.9375 -16.5625 16.4375 -6.0625 -11.625 8.6875 -13.8125 -6.3125 -14.125 7.5 
-24.625 4 4 15.0625 -12 7.8125 -15.6875 -12.75 -4.75 15.5 -11.4375 10.9375 7.375 7.9375 18.375 -14.4375 
-15.75 -14.125 -15.625 -16.875 14.6875 -12.9375 16.75 22.5 14.1875 -11.625 -10.125 -16.0625 -14.5625 -13.4375 19.0625 17.3125 
13.9375 -8.875 -3.3125 -6.4375 -20.0625 -10.4375 17.9375 -13.625 -6 15.4375 -2.75 6.25 3.3125 -0.75 13.875 2.3125 
20.0625 17.875 -15.5 -12.875 19.375 -17.75 -10.9375 -18.5625 12.75 7.4375 11.125 18.3125 11.4375 14.375 -13.1875 9.1875 
13.0625 -13.25 -16.1875 -10.125 -13.0625 -20.25 -9.5 1.875 -10.875 -9.5 13.9375 -17.875 17.6875 5.8125 13.9375 -9.625 
-12.9375 -17.1875 -12.5 -18.8125 -8 -14.1875 16.375 7.6875 5.25 17.3125 -17.75 -16.6875 -13.125 -23.25 -10.25 -15.0625 
-9.25 9.875 17.8125 12.6875 15.6875 -15.9375 10.3125 0.5625 9.875 9.8125 8.25 -24.8125 13.5625 14.9375 15.125 -13.9375 
17.625 13.125 16.375 -16.5 12.5 9.625 9.625 2.0625 -12.125 8.3125 8.375 19.5 14.4375 12.9375 -17.5625 5.75 
6.375 -14.5 -20.25 -13.125 17.8125 -16.625 16.0625 8.1875 -12.1875 23.25 -16.4375 0.8125 22.8125 4.625 21.875 -6.4375 
-15.5 -11.125 -19.1875 10.375 13.875 -19.75 9.3125 4.4375 19.9375 -13.125 -8.5 1.9375 -12.875 -15.1875 -9.1875 -12.9375 
-3.5 16.5625 8 6.625 11.875 11.3125 -8.25 7.75 9.5 -13.8125 11.1875 -4.6875 -9.125 -12 -11.125 -5.5625 
13.375 11.625 -7.6875 12.6875 13.5 -18.5 -13.5 10.0625 8.8125 -14.9375 15.75 -9.125 13.625 -12.5625 7.625 16.6875 
-11.3125 11.0625 15.0625 7.8125 10.75 4.9375 10.9375 -6.6875 -7.125 13.5 10 10 2.25 -14 9.8125 17.75 
-11.625 -14.125 -10.3125 18.1875 -10.4375 -12.3125 13.9375 11.8125 14.875 -14.5625 -11.125 2.875 3.5625 14 8.875 -8.625 
12.9375 -10.1875 -11.4375 -7.6875 -17.4375 4.9375 -6.0625 -13.375 -14.375 13.1875 -7.6875 -7.3125 -8.25 16.4375 -28.1875 -20.625 
19.8125 7.9375 9.375 15.9375 26.4375 9.5625 5.6875 -9.3125 11.5625 -11.875 -10.875 12.625 14.125 11.6875 16.1875 -9.375 
-16.875 14.375 17.0625 19.6875 -19.5 20.8125 -16.375 -14.5625 -8.5625 23.625 -20.5 15.875 -10.5 -5.0625 -12.4375 3.75 
-13.1875 -8.75 -12 -12.625 18.6875 -15.9375 18.3125 17.5625 17.1875 -3.375 -13.0625 -20.5 15.375 8.1875 -12.625 -15.375 
18.1875 -15.25 -10.0625 -6.5 -8.625 -15.75 7.125 -13.6875 -16.875 21.3125 -11.5625 15.125 -13.9375 -5.0625 -21.875 -9.0625 
7 14.8125 -15.875 -14.875 9.9375 -17.625 -2.6875 -7.6875 10.8125 10.5 5.625 8.5 -15 -7.6875 23.625 -11.375 
7.4375 -12 -12.3125 -12.8125 -8.375 -4.5625 2.8125 11.125 -3.125 -17.5625 6.8125 -16 -12.375 -9.5 -11.1875 7.8125 
-16 -21.75 -19.0625 -17.25 -8.375 -14.9375 15.25 12.625 10.1875 14.6875 -18.625 -6.6875 17.1875 13 8.1875 12 
-17.8125 7.8125 13.6875 7.6875 9.1875 -14.3125 11.5 13.9375 19.75 13.75 18.375 -14.75 -12.0625 -7.5625 -16.5625 7.9375 
15.375 20.3125 13.6875 -13.625 11.9375 13.0625 23.125 6.4375 -7.1875 15.875 15.1875 16.25 -12.3125 -17.1875 12.0625 -11.8125 
7.5 -12.875 -16.9375 -13.75 10.5625 -12.0625 15.6875 16.625 -5.625 16.3125 -9.8125 12.9375 -15 -10.625 -16.0625 17.8125 
-12.6875 -13.375 -13.75 14.75 14.8125 -20.625 11.625 13.5625 17.0625 -11.875 -10.375 11.9375 11 8.5 14.0625 13.5625 
-8.875 14.0625 19.375 12.75 21.375 20.5 -18.625 13.875 21.0625 -9.125 15.9375 -10.5 9.5 6 22.9375 12.0625