35 256
13.75 11.5 -15.9375 4.5 -6.1875 5.9375 5.875 11.5625 -7.4375 -19.6875 -19.75 -9.625 -8 5.5 13.75 -17.5 
-9.5 -9.8125 -12.125 12.8125 -18.25 12.25 -15.8125 -23 15.6875 12.6875 13.5 -13.5625 1 13.9375 -13.125 17.5 
-13.75 -13.9375 14.625 -8.25 -14.375 7.875 -7.625 19.875 10.25 19.75 11.1875 12.5 4.0625 -13.0625 8.75 4.5625 
8.5 4 15.3125 -22.5 12.8125 -8.5 1.75 -21.625 -7.0625 -7.5625 -16.125 21.25 -12.25 -3.6875 18.6875 21.1875 
-9.3125 -3.625 -22.75 16.125 -14.375 16.4375 -15.3125 -20.3125 11.875 17 10.625 15.8125 -16.1875 4.125 14.375 -12.875 
-17.5625 -14 15 -14.75 -16.625 15.75 10.75 13.1875 15 13.5 17.25 -18.9375 9.3125 12.5 -8.5 8.75 
10.125 4.5 12.125 -12.75 20.3125 -22.9375 -15.625 5.375 -17.25 -10.9375 -10.25 -13.75 -9.5 12.9375 -16 -17.625 
17.1875 13.875 -16.5 3 15.1875 -19.625 -10.8125 20.4375 -13.1875 4.9375 -17.75 22.8125 -13.5625 -15.875 9.8125 14.25 
12.3125 18.3125 -13.875 15.625 -11.875 8.125 6.6875 17.5625 -11 -22.875 -16.75 -14 -15.6875 24.5 10.75 -10.125 
-9.875 -14.3125 -12.6875 9.1875 -2 7.5 -19.1875 -15.75 17.875 11.4375 18.0625 -19.4375 12.4375 7.75 -8.5 15.8125 
-8 -8.1875 5.5625 -11.0625 -18.875 23.0625 -17.5625 15 19.25 1.125 -0.125 11.75 14.25 -10.0625 8.125 20.9375 
12.125 13.4375 9.125 -10.5 17.0625 -2.5625 12.6875 -27.5625 -8.0625 -1.25 -14.3125 7.0625 -7.4375 -11.0625 9.6875 1 
-21.8125 -4.6875 -11.4375 17 -9.3125 9.875 -23.25 -13.25 15.25 12.9375 11.625 14.9375 -10.8125 6.75 17.4375 -12.5 
-16.9375 -3.3125 10.5 -8.5 -12.125 20 16.6875 8.3125 10.8125 12.4375 13.5 -15.5625 19.875 12 -6.75 11.5625 
15.1875 10.4375 14 -5.5 15.125 -14.3125 -11.5625 11.5625 -8.3125 -19.5625 -10.875 -24.8125 -16.8125 14.1875 -7.0625 -14.1875 
16.8125 14.25 -12.125 13.1875 19.75 -9.125 -9.5 4.8125 -5.875 -14.25 -17 13.9375 -8.9375 -15.3125 10.625 13.5625