97 512
-12.1875 11.0625 9.5 24.4375 -13.375 -11.5625 -13.0625 -5.6875 -8.5625 11.5625 8.6875 -15.625 12.8125 -11.9375 17.6875 13 
-21.4375 -2.875 -19.4375 -14.625 12.125 -0.6875 -6.5 -3.25 4.9375 16.5 17.4375 12.5625 16.1875 11.5 -15.625 14.625 
-15.875 9.9375 -17.5 16.4375 -19.5625 12.125 -15.625 15.875 -11.875 -10 -9.375 16.9375 -14.8125 14 -7.375 -17.9375 
11.1875 -20 -17.875 -19.1875 -8.0625 -18.5 -10.4375 11.8125 13.875 -16.375 -14.625 13.5625 -18.5 -5.9375 13.0625 13.0625 
9.125 16.125 -16.3125 -14.25 -4.0625 -11.4375 -1.9375 13.6875 -11.375 12.9375 -10.5625 10.3125 14.75 13.4375 12.9375 5.375 
-14.6875 13.125 -8.125 20.9375 17.1875 11.625 -16.3125 19.625 4.1875 9.375 9.125 -12.4375 -16.5 -21.4375 -12.6875 -14.75 
8.8125 -10.375 12.9375 14.9375 -11.1875 -8.125 -17.875 11.1875 18.6875 -3.0625 -18.6875 8.4375 9.25 13.75 14.1875 -16 
9.125 -12.5 -18.625 -12.1875 -16.9375 11.4375 -14.25 8.6875 14.875 11.6875 -11.8125 6.8125 7.5625 19.5 2.4375 -4.8125 
-14.75 10.6875 14.5 17.0625 14.125 -16.875 5.6875 18.3125 -14.4375 -10.9375 6.625 14.75 -15.5625 11.6875 10.0625 12.25 
-14.875 -11.125 -10.625 -12.25 -8.125 -9.125 12.75 14.625 -10.9375 10.8125 -16.8125 15.6875 13.4375 -12.8125 15.375 9.25 
-17.75 9.5625 -15.8125 18.0625 11.0625 25.5 19.8125 12 -9.875 10.625 -15.875 -9.25 11.9375 -22 -8.5 -21.4375 
11.8125 -8 -2.6875 -9.25 5.9375 5.4375 18.75 -27.875 17.875 6 -14.625 -13.9375 1.375 -11.25 8.75 -15.875 
5.4375 21.75 -8.625 -9.0625 16.625 -16.8125 14.1875 -17.4375 12.5 -11.5625 10.4375 -21.625 12.9375 -10.25 11.0625 -14.9375 
-14.1875 10.75 -12.6875 17.875 -7.125 -18.125 13.4375 -14.0625 -17.5 -10.5625 -7.6875 16.9375 -19.4375 -15.25 -9.1875 -18.875 
12.5 -8.6875 3.875 16.75 10.0625 -10.875 13.625 7.375 9.8125 -8.875 -13.75 11.875 -13.5625 13.875 -10.5625 -7.875 
9.5 -12.5 -12.25 -12.75 19.9375 -13 9.8125 -2.5 6.5625 13.4375 -12.4375 14.6875 -17.75 -11.8125 -10.375 16.5625 
-12.6875 13.1875 8.75 15.5 -14.5625 -16 -16.9375 -17.875 -10.6875 3.375 16.1875 -12 9.125 -21.25 9.125 12.5625 
-13.0625 -21.0625 -9.125 -4.625 17.1875 11.6875 -4.3125 -14.8125 9.4375 12.8125 2.5625 6.375 14.75 18.625 -10.375 12.8125 
-12.125 11.0625 -4.75 11.875 -12.875 15.25 -7.8125 13.3125 -6.3125 -6.1875 -11.1875 9.8125 -11.0625 10.125 -16.1875 -7.25 
3.0625 -13.3125 -5.5625 -5.875 -13.375 -6.5625 -7.5 22.875 16.3125 -13.5625 -19.125 11.8125 -15.8125 -6 8.3125 9.375 
6.5625 19.1875 0.3125 -9.1875 -8.9375 -10.4375 -2.9375 5.25 -16 12.5 -11.75 9.875 17.0625 24.25 20.625 17 
-5.375 3 -7.9375 7.6875 6.1875 12.3125 -18.0625 17 5.1875 8.875 14.5 -11.8125 -5.75 -16.1875 -13.0625 -16.0625 
9.1875 -14.5 16.0625 9.875 -21.3125 -20.4375 -23.5625 10.4375 14.0625 -15.5625 -13.4375 14.5625 14.3125 20.1875 4.6875 -13.6875 
15.875 -15.8125 -18.875 -13 -19.375 18.75 -17.25 13.125 4.875 10.0625 -9.875 19.4375 19.125 15.625 8.8125 -17.8125 
-24.9375 7.75 19.875 14.75 9.75 -8.1875 11.25 8.8125 -16.0625 -12.5625 8 14.625 -11.875 13.1875 24.1875 17.5 
-13.125 -13.5 -12.125 -3.6875 -9.75 -15.8125 7.5 -3.5 -29.625 7.375 -11.375 22.3125 23.3125 -18.8125 12.5625 16.625 
-15.375 12.1875 -18.5 9 9.875 10.3125 10.6875 16.125 -15.9375 8.625 -5.5625 -16.6875 8.75 -20.6875 -13.1875 -20.9375 
10.75 -18.9375 -14.375 -17.0625 8.25 11 13.25 -10.875 11.0625 13.3125 -17.0625 -6.5 7.3125 -9.625 7.6875 -12.6875 
13.625 19.75 -15.125 -15.25 11.6875 -13.0625 17.5 -9.4375 4.75 -15 13.375 -18.875 18.3125 -6.6875 3.0625 -18.75 
-18.8125 12.3125 -12.375 8.6875 -7.6875 -10.4375 6.875 -17.0625 -14.125 -3.8125 -13.8125 18.125 -16.5 -6 -0.875 -11.4375 
6.25 -11.375 3.4375 11.625 9.625 -11.8125 9.6875 7.5625 14.75 -15.5 -19.375 9.25 -13.0625 15.0625 -8.25 -21.8125 
8.5 -16.6875 -27.6875 -9.4375 9.125 -3.5625 20.3125 -0.75 11.8125 16.6875 -6.125 4.375 -17.125 -16.0625 -9.9375 6.6875