35 512
18.1875 20.9375 -12.6875 14.0625 -15.3125 -13.3125 15 13.875 -12.5625 1.1875 7.1875 11.625 11.625 -13.25 10.4375 12.4375 
-13.375 13.625 8 -15.375 13.75 11.9375 -1.5 18.5 9.875 5.6875 -13.3125 9.5625 -6.6875 -7.25 13.5 -10.75 
-10.5625 -8.375 13.8125 4 12.5625 10.25 -14.875 10.9375 10.5 10.0625 -21.75 14.9375 -9.9375 -12.875 6.5625 16.25 
13.6875 -15.3125 -9.9375 -9 -14.8125 -11.25 7.5 12.3125 -12.0625 -17.375 21.75 11.875 13.6875 -18.5 -16.5625 6.6875 
-4.4375 -10.375 10 -18 13.6875 19.9375 -8 28.0625 11.9375 21.75 -10.5625 -13.6875 -15.125 -2 -9.9375 20.5 
-11.9375 13.25 14.25 -14.5625 10.9375 9.5 -10.125 -16.25 12.25 20.25 -12 5.5 -9.6875 -14.75 18.5625 15.3125 
14.25 16.125 -6.25 -2.1875 -16.9375 -18.3125 2.25 15.3125 -16.75 -19.4375 18.5 -13.25 18.625 12.6875 -5.3125 13.25 
7.375 -6.4375 -16.125 -10 -7.5 -15.375 15 -7.8125 -3.4375 -19.5 13.0625 15.375 13.4375 -10 -15.9375 -6 
4.8125 9.1875 -9.5 12.0625 -10.625 -13.5625 4.3125 13.0625 -16.25 -16.1875 11.875 20.625 17.625 -12.5625 9.75 10.875 
-10.3125 20.5625 11.3125 -13.0625 3.8125 9.25 -15.8125 19.8125 9.3125 5.6875 -12.25 10.625 -9.4375 -5.8125 11.375 -17.875 
-14.375 -11.625 10.625 15.75 5.125 22.4375 -14.0625 11.875 1.4375 6.25 -8.375 12.625 -6.125 -8.6875 13.375 20.125 
14.375 -14.375 -14.75 -9.5 -5.3125 -4.625 8.1875 11 -11.25 -13.5625 13.1875 20.125 11.9375 -7.25 -13.25 13.0625 
-8 -19.8125 11.0625 -15.5625 7.5 11.375 -11.4375 7.125 14.5 8.625 -13.3125 -3.4375 -8.375 18.0625 -23.0625 9.6875 
-9 12.0625 18.0625 -10.9375 22.5625 11.1875 -14.9375 -10.4375 13.5625 10.625 -10.0625 9 -9.8125 -10.8125 11.125 14.9375 
10.8125 9.8125 -6.75 -10.625 -7.0625 -21.625 14.9375 0.4375 -13.875 -18 5.25 -4.5625 8.625 4.0625 -18.9375 12.6875 
17.8125 -9.3125 -10.625 -20 -18.9375 -17.375 15 -3.8125 -2.5625 -18.0625 9.3125 19.8125 17.4375 0.9375 -5.5625 -9.375 
16.75 22.375 -8.125 6.75 -6.75 -10.25 14.75 10.1875 -18.625 -18.375 9.625 15.3125 13.3125 -4.9375 8.75 9.875 
-11 12.875 14.0625 -15.125 12.8125 17.375 -0.1875 7.3125 1.125 13.5 -14.8125 10.6875 -13.625 -10.75 11.375 -19.9375 
-20.4375 -8.75 8.4375 14.8125 11.875 17 -16.4375 8.0625 16.9375 19.1875 -11.3125 17.0625 -24.3125 -11.625 1.9375 19.25 
17.5 -8 -18.4375 -15.9375 -12.125 -14.375 17.4375 19.875 -14.25 -11.8125 4.8125 18 16.25 -5 -14.0625 20.4375 
-11.8125 -8.5 20.75 -14.4375 5 7.25 -19.5 7.0625 14.375 4.8125 -14.875 -7.875 -8.1875 12.5625 -12 10.3125 
-9.25 11.25 15 -15.25 11 17 -6.4375 -15.875 13.875 3.375 -14.0625 11.625 -8.6875 -19 15.25 19.9375 
5.125 12.625 -20.9375 -18.8125 -11.5625 -7.25 8.6875 12 -3.9375 -13.6875 18.1875 -19.8125 10.875 11.375 -9.0625 9.75 
20.4375 -10.75 -13.5 -8.125 -11.5 -14.375 10.375 -22.875 -13.75 -19.5625 15.75 16.75 21.375 -12.125 -8.25 -11.8125 
10.875 11.9375 -13.1875 23.5625 -18 -13.8125 17.25 13.25 -16 -14.4375 15.625 9.1875 15.25 -13.9375 13.4375 10.0625 
-15.3125 11.125 4.4375 -10.5 14.8125 4.25 -11.25 10.4375 13.125 18.0625 -12.1875 6.875 -13.875 -9.8125 10.9375 -10.6875 
-15.6875 -12.4375 14.5 17.3125 4.25 14.625 -11.8125 1.375 10.0625 18.4375 -13.8125 16.625 -17 -11.6875 15.9375 5.9375 
14.6875 -12.5 -12.1875 -15.625 -2.5 -7.3125 9.25 10.3125 -12.6875 -3.9375 21.25 21.0625 13.5625 -14.125 -7.75 18.0625 
-17.4375 -7.375 17 -11.1875 21.3125 21.4375 -25.25 10.8125 11.875 16.5625 -5.125 -1.6875 -15.1875 13.375 -22.1875 14.1875 
-15.6875 3.375 15.375 -16.8125 21.3125 12.125 -18.1875 -14.625 13.375 15.9375 -11.3125 8.75 -4.5625 -13.625 10.25 14.75 
14.5 10.3125 -13.625 -16.0625 -11.625 -10.125 4.8125 12.9375 -9.625 -18.5625 16.75 -6.125 16.3125 16.875 -10.875 9.3125 
10.0625 -7.9375 -3.3125 -19.25 -9.375 -12.5 20.4375 -2.6875 -9 -9.6875 13.0625 16.5 12.8125 -22.75 -20.75 -11.75