97 512
-15.5 4.9375 9.6875 -1.3125 -5.4375 4.625 -2.3125 5.625 -12.3125 13.8125 -9.375 6.25 -7.1875 12.625 -5.8125 14.75 
-10.5625 12.375 10.0625 -10.9375 -4.5625 10.6875 -12.5 12.9375 -12.1875 5.6875 8.9375 4.875 10.875 -9.4375 6.9375 11.8125 
1.5 -1.625 -11 -2.0625 -1.6875 7.8125 9.5 6 -7.1875 12.875 -6.5625 5.3125 16.9375 17.1875 -18.5625 -6.25 
-7.0625 13.75 -19.4375 -11.1875 11 11.5 12.375 -6.8125 -3.875 11.5625 -15.125 -12.1875 -12.4375 17.9375 4.1875 -11.4375 
-22.875 14.6875 -9.375 -3.375 11.875 8.9375 15.875 -11.4375 10.5 -9.6875 -6.875 -12.25 -1.4375 13.3125 -1 2.1875 
-13.75 2 10.0625 -14.25 10.5 -16.0625 10.875 7.9375 -14.5625 13.4375 16.25 -15.5 -9.5 -9 10.4375 -10.25 
8.125 -15.625 -8.4375 15.0625 -7.5625 -16.5625 -4.875 -2.125 -11.625 8.8125 -3.625 8.75 8.3125 -8.0625 -6.1875 -12.9375 
-4.125 14.1875 -1.25 -3.8125 12.3125 -6.375 4.4375 -14.5 -13.8125 5.4375 -13 18.5 -7.3125 -2.875 -7.5625 20.125 
-18 20.1875 11.9375 -5.5625 7.75 -10.375 -7.0625 20.5 18.8125 17.375 9.125 8.5 14.1875 8.0625 11.6875 9.8125 
8.625 -18 -12.4375 17.1875 -18.0625 10.5625 -12.25 7.125 15.3125 7.8125 -4.625 5.75 -7.8125 -2.875 8.375 -6.5 
-15.4375 8.625 11.3125 13.1875 -2.625 8.0625 -7.25 -17.75 -0.6875 15.125 14.875 15.0625 18.0625 -14 -9.1875 6.875 
-12.9375 5.625 -5.4375 -2.375 -7.9375 -14.4375 -3 14.4375 -8.75 -4.8125 -19.125 7.0625 10.875 4.4375 10.125 7.25 
-13.375 10.125 -6.9375 -4.125 -20.4375 -4.25 -12.8125 4.0625 2.4375 -13.8125 -7.0625 -16 -5.6875 12.375 17.125 9.5 
11.75 -14.75 -10.3125 2.6875 11.25 -7.375 10.625 7.75 11.75 -9.375 -8.75 11.75 16.75 14.5 -6.4375 8.8125 
-12.0625 15.0625 10.125 1 -12.5 -3.625 -11.3125 -9.3125 10.25 -9.75 11.0625 -16.1875 12.75 -12.75 -16.25 -6.875 
-11.1875 7.6875 -6.5 -9.25 -7.375 10.5 -7.8125 6.25 -7.5625 12.375 -8.375 8.8125 14.25 13.1875 6.125 -5.5 
-11.0625 10.9375 7.625 -12.125 -7.5 12.6875 -4.125 11.8125 -11.25 11.625 -9.4375 3.125 -10.875 8.5625 -11.1875 6.25 
-9.3125 7.9375 15.625 -5.875 -14.4375 7.1875 -15 4.8125 -10.3125 18.6875 12.5 6.125 6.9375 -8.625 10.4375 14 
7.875 -16.1875 -9.5 -9.625 -15.625 5.75 15.125 6.1875 -10.125 13.1875 -10.5625 8.75 8.875 3.875 -13.1875 -4.6875 
-11.9375 7.9375 -10.375 -15.1875 10.9375 6.125 2.75 -4 -6.75 10.1875 -5.9375 -11.875 -8 13.6875 10.6875 -12 
-10.5625 3.125 -12.4375 -3.4375 6.8125 15 3.3125 -10.1875 14.8125 -9.8125 -8.6875 -15.3125 -6.8125 10.0625 9.9375 8.6875 
-5.5 9.6875 12.3125 -7.6875 11.6875 -11.1875 10.75 8.0625 -11.1875 10.375 8.375 -12 -7 -5.3125 2.3125 -4.875 
6.1875 -7.5 -10.375 4.5625 -12.3125 -14.625 -16.4375 -7.375 -7.3125 16.8125 -7.1875 10.0625 10.9375 -11.625 -9.5 -6.875 
-8.3125 10.125 -18 -12.6875 12.625 -19.6875 7.6875 -6.6875 -3.875 12.875 -6.5 14.6875 -7.4375 -12.4375 -6.5 13.0625 
-10 6.8125 11.5 -9.375 5.1875 -13.1875 -10.0625 7.375 6 9.5 14.9375 12.6875 9.5 13.6875 9.0625 9.0625 
9 -14.375 -19.9375 12.1875 -15.1875 2.75 -12.3125 10.6875 5.8125 11.0625 -9.75 9.375 -5.25 -3.3125 15.8125 -18.375 
-9.6875 10.5625 12.75 12.0625 -5.25 11.625 -17.125 -9.6875 3.9375 0.125 9 9.875 10.5625 -9.5 -17.625 14.8125 
-13.875 13.9375 -10.4375 -6.875 -9.25 -6.5 -11.0625 13.125 -12.25 -10.625 -18.25 7.75 11.375 5.5625 13.1875 6.3125 
-10.3125 12.875 -12 -4.875 -8.9375 -2.375 -7.8125 18.0625 15.4375 -11.75 -10 -5.8125 -3.3125 18.8125 15.75 8.8125 
11.25 2 -16.125 7.125 2.5625 -7.25 13 13.1875 15.25 -5.125 -11.5625 15.9375 11.25 9.625 -17.8125 14.375 
-5.8125 10.125 9.4375 -15.5625 -10.9375 -12.5 -20.4375 -14.5625 2.75 -4.4375 8.625 -6.375 12.3125 -17.375 -8.5625 -9.375 
-15.5625 8 -7.75 -13.9375 -8.0625 4.0625 -8.6875 8.6875 -4.4375 14 -7.9375 12.9375 5.625 7.0625 10.1875 -6.5625