35 512
4.5 -12.75 -3.4375 10.9375 14.9375 4.9375 8.9375 15.0625 9.4375 -7.0625 -13.5 -12.6875 -16.375 3.875 -17.3125 12.1875 
11.4375 5.375 -13.5625 11.375 23.375 8.8125 6.9375 11.0625 7.1875 1.25 -7.6875 11.8125 -9.5625 -6.875 14.625 -15.125 
-6.9375 14.625 8.375 6.3125 -11.875 -10.625 9.5 13.625 -6.4375 9.0625 0.625 -5.9375 1.25 5.875 8.9375 -12.375 
-4.5625 -9.75 13.875 4.875 -11.3125 -6.375 3.5625 10.625 -12.6875 11.5 14.5 11.0625 8.5 -11.625 12.6875 -6.625 
5.8125 -13 -11.375 16.6875 6.625 -0.5 6.625 -13.5 8.375 -14.625 -12.625 -8.9375 -11.6875 14.1875 -3.5625 -5.875 
11.8125 2.5625 -10.5 14.625 10.4375 7.8125 12.6875 4.6875 6.1875 -2.8125 -19.125 9.0625 -11.5625 -10.125 12.25 -13.6875 
-11.9375 10.0625 4.75 11.4375 -6.5 -6.5625 12.3125 -2.6875 -8.0625 14.0625 14.25 -3.625 15.5625 14.125 15.0625 7.1875 
-13.5625 -12.6875 10.25 17.1875 -1.25 -9.6875 13.0625 15.625 -6.375 6.25 12.3125 0.0625 5.1875 -10.625 6.9375 -17.125 
14.625 -11.5 -10.75 7.25 15.4375 6.625 9.375 8.4375 12.8125 -16.375 -9.75 -18.875 -21.1875 7.625 -9.1875 8.0625 
5.875 3.8125 -9.25 6.75 17.1875 5.75 5.1875 8.6875 14.8125 -13.8125 -10.8125 11.5625 -5.6875 -6.75 16.9375 -8.25 
-5.375 7.5 6.875 5.75 -5.75 -15.25 12.75 6.25 0 15.125 11.8125 -7.25 21.0625 7.75 8.8125 -8.4375 
-8.1875 -6.5625 20.75 9.0625 -12.375 -8.9375 14.75 7.1875 -6.3125 10.9375 10.75 17.3125 12 -5.75 12.125 -9.25 
8.875 -7.1875 -6.3125 7.4375 11.9375 13.375 16.625 -1.875 10.625 -13.1875 -10.5 -15.75 -9.25 10.1875 -3.9375 -7.5625 
12.125 16.0625 -8.1875 9.5625 15.9375 14.125 9.5625 0.5625 12.0625 -12.4375 -11 6.9375 -7 -7.5625 15.5 -7.5 
-16.0625 -1 16 4.75 -9.3125 -12.5625 9.6875 -9.375 -0.0625 8.75 3.9375 -8.5625 6.6875 1.3125 6.9375 17.3125 
-4.25 -7.125 9.875 9.375 -8.625 2.25 11 11.5 -19.5625 5.875 5.625 9.6875 14.1875 -6.125 8.75 -8.9375 
8.8125 -12.25 -16.9375 9.4375 10.0625 7.4375 3.375 10.25 9.3125 -13.5625 -15.25 -4.8125 -10.0625 14.1875 -19.875 11.875 
12.5 5.4375 -0.5 12.25 8.125 8.8125 11 8.8125 13.125 -14.75 -6.9375 17.3125 -11.6875 -5.625 10.4375 -12.5625 
-9.625 1.9375 10.25 4.75 -12.5 -22.0625 7.625 8 -15.4375 11.625 9.5 -13.3125 4.375 14.875 5.6875 -11.3125 
-13.875 -6.875 15.5625 13.4375 -14.1875 -9.75 13.875 8.375 -12.1875 5.9375 8.75 15.3125 4.375 -2.3125 10.125 -5.5625 
12.9375 -11.6875 -17.6875 9.8125 10.75 14.375 8.875 -3 5.375 -15.25 -4.375 -6.875 -6.5625 17.8125 -11 -8.8125 
9.875 6 -14.125 7.3125 6.875 3.875 12.4375 11.875 15.875 -12.5 -7.9375 10.75 -20.0625 -10.625 6.125 -13.75 
-12.375 11.6875 12.875 6.0625 -19.875 -6.8125 5.0625 -7.1875 -7.875 2 5.3125 -13.75 2.5625 9.875 17.5625 16.375 
-12.75 -14.5 16 13.1875 -14.4375 -15.75 14.1875 9.375 -12.5625 7.4375 16.875 9.625 14.5625 -11.5625 4.8125 -13.1875 
7.1875 -8.8125 -19.875 8.625 4.875 14.75 12.9375 3.3125 12.25 -6.5625 -11.5625 -17 -8.0625 6.875 -11.1875 9.875 
15.0625 3.6875 -11.3125 7.0625 7.5625 8.5 4.4375 19.375 9.9375 -8.4375 -10 6.625 -11.125 -2.875 8.0625 -9.9375 
-18.0625 12.375 10.9375 5.125 -12.6875 -5.4375 15.625 11.0625 0 5.1875 8.4375 -2.75 7.125 10.0625 5.1875 -9.6875 
-10.8125 -22.5 9.625 12.0625 -12.4375 -8 1.25 6.9375 -9.1875 14 9.9375 15.5 7.75 -8.4375 8.3125 -9.625 
11 -13.6875 -5 8.3125 13.8125 7.9375 8.0625 -7.5 9.5625 -8.875 -8 -7.1875 -3.1875 5.875 -14.5 -7.375 
10.4375 5.8125 -9.625 14.5 9.625 13.375 9.875 6 1.9375 -13 -8.8125 10.375 -8.8125 -13.5 14.5 -13.25 
-7.5625 8.375 10 6.3125 -5.875 -5.625 14.375 -9.3125 -4.9375 5.5 12.375 -3.75 8.5625 8.0625 12.25 4.6875 
-6 -9.3125 4.375 7.75 -5.5 -10.625 7.0625 15.625 -12 13.875 2.4375 5.4375 13.4375 -4.25 6.25 -9.4375