97 256
11 11.25 -6.25 -10.6875 -15.3125 9.5 12.6875 -9.75 -15.8125 -15.5625 -13.5625 -5.5625 -12.25 10.5 17.3125 -16 
-14.1875 -21.9375 17.5625 14.375 -14.625 6 19.625 8.9375 -0.75 -10.75 -22.8125 13.125 10.4375 -10.8125 20.4375 5.0625 
-16.4375 -8.9375 1.875 13.375 -10.5 15.125 -13.3125 20.875 -14.25 10.5 12.5 3 6.3125 -11.6875 -9.125 -10.1875 
8.5625 11.5 -15.4375 -13.8125 7.6875 16.8125 -12.1875 -12.5 9.6875 13.5625 -9.6875 16.125 -7.1875 -10.9375 -10 12 
4 16.6875 -12.3125 8.5 -10.1875 -11.5 -12.75 12.25 -10.1875 17.5625 3 12.6875 9.1875 9.875 -10.4375 5 
-12.5625 -23.9375 12 10.625 4.0625 7.25 13.3125 -12.0625 -15.5625 -6.25 21.6875 8 3 12.75 5.125 8.0625 
-10.5 -10.25 -13 5.75 18.0625 -24.25 -18.6875 7.125 10.4375 19.0625 -3.3125 16.9375 -13 16.3125 -9.625 -10.375 
15.625 21.125 -11.125 -13.75 -11.0625 -10.6875 -12.375 -6.4375 -8.75 -7.6875 13.8125 8.5 7.5 21.6875 -15.875 -17.0625 
9 9.9375 9.1875 -17.625 -18.25 17 13.75 14.125 9.375 -10.8125 -11.125 -14.75 23.5 8.1875 -4 15.25 
-13.1875 -12.125 -17.6875 -15.75 -18.125 10.25 6.375 13.5625 12.625 -9 -15.375 -12.75 -9.0625 9.4375 -14.625 -16.125 
-16.0625 -18.25 -14.6875 -9 -12.3125 11.25 9.75 16.875 6.9375 20.5 -16.9375 -12.375 -13.125 -28.0625 -14.5625 -9.4375 
24.9375 5 -5.3125 -8.9375 16.4375 14.375 9.5 15 -19.0625 16.5 9.875 12.0625 19.375 12.5 -5.625 5.625 
10.875 9.3125 14.3125 13.0625 -14.6875 -2.4375 -11.25 -6 -6.0625 17.8125 -12.8125 9.625 26.625 19.375 -2.625 -6.125 
-4.625 -14.3125 -6.6875 -13.3125 16.6875 13.9375 11.375 -6.75 -7.4375 -13 -18.6875 -18.1875 15.75 -11.9375 12.4375 -10.875 
-10.25 -10.6875 -25.25 -18.8125 6.5625 -10.875 5.6875 14.1875 13.6875 17.5 -9.5625 -19.5 -20.3125 17.5625 13.6875 -0.3125 
15.0625 11.5 -7.375 -16.8125 -14.625 -9.875 11.625 3.9375 -5.75 -10.875 14.4375 10.125 12.1875 -3.5 16.3125 -21.0625