12 256
-9.5625 17.6875 11.625 -8.5 -15.125 -25.0625 5.625 8.875 17.0625 13.125 13.5625 13.9375 10.875 -17.625 16.75 -13.8125 
-24.8125 14.9375 25.25 -21.5 -11.75 12.375 3.5625 -15.75 12.75 7.4375 -16.625 -16 18.25 10.75 -8.4375 -9.3125 
-11.0625 8.6875 20.5 -13.6875 -6.125 -16.0625 12 9.5 12.625 9.75 16.625 23.25 8.625 -6.4375 15.4375 -10.25 
-17.4375 19.5625 17.75 -4.625 -13.3125 5.0625 16.125 -14.625 8.375 21.8125 -3.25 -2.6875 7.3125 10.9375 -9.9375 -15.9375 
-17.5625 8.25 18 -7.25 -8.5 -15.3125 17.375 12.375 10.5 11.125 10.25 8.3125 16.8125 -9.75 18.5 -9.625 
-19.625 11.875 17.1875 -17.25 -11.4375 10.25 8.375 -16 15.4375 13.375 -13.875 -16.4375 15.6875 11.375 -11.875 -3.8125 
-22.3125 12.5 22.625 -13.625 -5.5625 -18.6875 11 12.625 10.25 11.1875 16.6875 10.375 13.875 -22.375 16.875 -11.6875 
-10.125 20.75 5.875 -8.375 -10.75 13.625 16.375 -2.5625 16.6875 4.5 -12.6875 -17.9375 9.9375 14.3125 -12.5625 -17.375 
-12.75 15.1875 6 -17.875 -15.875 -8.1875 3.5625 21.9375 7.1875 12.125 16.75 17.875 10.1875 -9.25 15 -7.75 
-12.875 21.9375 16.625 -15.4375 -10.875 15.25 14.9375 -16.1875 12.6875 -0.8125 -13.3125 -10.875 10.8125 11.25 -9.5625 -11.8125 
-20.25 8.8125 11.25 -13.25 -12.8125 -18.8125 17.3125 11.0625 10.125 20.25 19.25 8.125 8.9375 -13.0625 11.1875 -10.4375 
-22.9375 14.3125 13.3125 -14.8125 -16.0625 19.4375 7.8125 -7 16.6875 5.125 -9.6875 -18.875 17.25 7.5 -3.9375 -11.3125 
-15.3125 21.8125 13.25 -5.9375 -15.75 -6 9 14.875 16.0625 14.5625 4 15.5625 16.6875 -7.875 13.5625 -10.75 
-18.5625 13.375 16.875 -12.3125 -17.0625 13.625 12.8125 -9.375 13.1875 7.375 -13.25 -18.4375 11.8125 11 -9.1875 -16.125 
-9.6875 7.3125 20.5 -15.0625 -19.25 -5.3125 11 14.1875 11.875 20.0625 16.3125 14.4375 12.125 -17.5625 15.9375 -10.5625 
-8.125 6.3125 10.25 -16.8125 -7.625 11.875 9.25 -9.125 10.5 15.625 -10.875 -15.3125 27 17 -13.75 -14.125