60 512
9.875 -9.375 11.8125 -7.875 8.9375 -0.1875 17.125 -9.4375 -16.5625 12 12.125 7.75 -8.75 -7.5625 8 -15.5 
-3.5 -10.5 5 -15.625 7.625 -6.3125 -12 -17.5625 4.375 -11.25 -11.25 11.8125 -5.8125 19.875 10.125 14.5625 
14.6875 8.5625 13.125 -6.9375 -13.0625 -10.25 -4.1875 8.0625 -14.5 12.0625 4.125 17.0625 -7.375 -12.375 11.6875 15.8125 
-10.3125 5.6875 12.4375 -11.75 -0.8125 5.5 -7.75 9.125 12.5625 12.1875 -3.125 -7.8125 -12.0625 11.5625 -15.9375 13.0625 
-9 -5.5 -7.25 -13 -10.4375 11.1875 -16.8125 8.9375 10.875 21.875 -4.625 5.3125 -12.125 -8.625 11.875 -17.3125 
-4.875 13.25 3.25 12.5 -11.1875 -9.0625 7 6.625 7.625 11.0625 -12.1875 -10.3125 -3.0625 -5.375 7.75 18 
-13.25 -10.0625 -7.5 4.125 -6.5625 -8.6875 -16.875 14.3125 5.25 -5.875 -10.3125 -17.75 15.75 15.75 -6.9375 -7.25 
-10.6875 4.25 7.3125 -10.125 -7.4375 3.3125 -16.5 -11.5 5.875 8.9375 -14.8125 -13.0625 13.5 -0.5625 12.875 8.75 
9.125 -8.0625 -0.9375 -10.9375 14.5 -12 15.125 -10.875 -15.125 11.125 9.1875 13.875 12.4375 16 -9.875 12.3125 
-3.125 -19.125 10.0625 -10.8125 6.4375 -8.75 -18.1875 -6.9375 4.6875 -17.75 -7.625 6.3125 11.8125 -15.625 -5.5 -15.125 
15.1875 15.3125 8.375 -14.875 -6.625 -13.625 -7.1875 5.875 -7.3125 10.1875 16.6875 4.1875 -13.6875 -0.3125 6.375 16.8125 
-10.75 11.25 10.5 -10.875 -16.0625 6.125 -12.4375 4.375 0 8.9375 -4.875 -13 -16.625 5.9375 -1.1875 9.75 
-8.5 -23 -13.25 -8.8125 -15.4375 7.25 -8.375 6.9375 16.1875 16.1875 -5.8125 12.5625 7.3125 14.1875 -6.625 11.0625 
-9.125 5.4375 7.5625 6.875 -13.5625 -7.625 16.3125 19.75 13.0625 10.125 -13 -8.125 11.8125 5 -8.625 -12 
-14.3125 -6.3125 -11.875 14.25 -15.875 -9.8125 -4.875 15.5625 11.25 -20.625 -3.0625 -14.625 10.875 8 -9.75 -11.75 
-11.75 11.875 11.625 -13.4375 -4.5625 17 -12.4375 -9.5 3.9375 9.0625 -14.3125 -15.875 8.75 -19.75 13.625 12.5 
14.1875 -13 8.4375 -12.25 10.375 -4 12.8125 -12.375 -9 10.4375 16.875 9.875 -12.125 -5.1875 11.625 1.75 
-1.0625 -10.625 11.75 -1.6875 12.0625 -16.5 -20 -10.75 10.8125 -13.0625 -14.5625 8.4375 -11.3125 7.25 13 13.8125 
5.0625 7.4375 13.75 -1.8125 -17.6875 -3.5 -18.375 8.875 -7.5625 10.625 6.75 6.6875 -8.25 -10 3.6875 4.1875 
-9.625 10 6.75 -4.625 -11.125 6.8125 -9.9375 8.5 0.5625 9.875 -7.875 -15.125 -3.125 13.6875 -9.1875 13.875 
-7.4375 -13.3125 -8.375 -15.25 -16.4375 10.9375 -9.5 10.4375 9.625 9.125 -13.5625 7.125 -4.625 -7.5625 9.125 -13.4375 
-12.75 8.4375 12.625 7.5625 -11.625 -10.125 9.625 7.375 9.9375 12 -13.625 -3.5625 -7.5 -10.9375 10.5625 13.25 
-11.375 -5.625 -12.0625 13.25 -12.4375 -13.3125 -12.125 16.125 5.125 -9.0625 -7.0625 -18.75 14.6875 4.875 -3.1875 -11.625 
-13.125 11.875 9.625 -6.375 -9.1875 3.5625 -7.5625 -17.8125 7.9375 19.875 -6.1875 -7.8125 8.1875 -6.375 9.1875 12.5 
5.0625 -7.3125 11.5625 -17.75 6.1875 -8.625 5.0625 -5.8125 -11.5625 16.625 11.9375 8.75 9.4375 8.75 -10.625 13.875 
-12.0625 -7.125 11.4375 -15.6875 10.8125 3.875 -11.375 -16.5625 12.1875 -15 -7.9375 5.3125 13.3125 -10.6875 -10.1875 -11.4375 
10.5625 20.25 9.5625 -4.5 -7.5625 -3.625 -12.8125 6.875 -9.9375 8.25 10.8125 7.6875 -12.3125 -10.5 6.6875 3.5 
-7.0625 11.9375 14.5 1.25 -8.5625 11.75 -12.4375 5.25 8.75 -1.75 -1.8125 -7.625 -9.9375 3.6875 -12 5.3125 
-8.1875 -14.125 -10.1875 -5.25 -10.25 9 -13.25 10.5625 8.5 8.5 -9.6875 6.5 15.3125 12.3125 -12.0625 6.75 
-5.9375 13.25 13.875 11.375 -9.5625 -9.8125 11.625 8.5625 9.1875 16.875 -8.125 -9.125 13.25 -4.875 -12.875 -11.8125 
-10.9375 -4.8125 -18.75 10.5 -10.25 -10.75 -11.375 18.1875 4.875 -12.8125 -10.25 -0.3125 13.1875 8.5625 -9.9375 -13.125 
-9.625 7.5 5 -10.4375 -7.3125 16.0625 -4.375 -14.6875 8.6875 16.5625 -8.75 -8.75 3.5 -12 18.875 8.0625