12 512
11.6875 15.125 13.3125 -9 -9.0625 13.25 11.25 15.9375 -8.1875 -8.75 -17.375 -14.3125 9.75 -16.375 -7.6875 16.375 
13.1875 8.125 16.6875 -7.5625 -12.625 -10.625 10 -12.875 -13.8125 -0.3125 -14.125 11.1875 10.6875 -11.625 -6 9.9375 
8.875 6.8125 13.0625 -9.3125 -6.5 -0.5625 9 9.375 -12.25 -10.9375 -18.75 -11.3125 16.3125 -4.4375 -6.3125 8.25 
9 9.1875 13.9375 -8.9375 -6.875 -12.6875 16.625 -4 -10.1875 7.625 -17.0625 9.125 9.5 -5.5 -13.375 11.5 
7.625 13.25 19.3125 -10.3125 -10.0625 13 8.625 -4.125 -2.875 -5.8125 -15.75 -4.8125 5.1875 -14.75 -18.1875 2.1875 
15.125 10.875 12.125 -12.6875 -11.75 -16.0625 8.0625 -2.875 -16.875 8.875 -2.5 9.6875 10.6875 -7.8125 -2.5625 9.875 
9.5625 15.9375 11.75 -13.4375 -8.6875 8.8125 16.4375 18.5 -5.5 -11.6875 -12.875 -9.5 3.5625 -7.0625 -7.5625 10.5625 
11.0625 12.8125 13 -9.5 -8.3125 -5.125 8.5625 -5.9375 -4 11.9375 -14.125 4.375 11.9375 -9.1875 -11.1875 5.125 
12.25 9.8125 6.25 -11.8125 -7.6875 13.75 11.8125 8.875 -15.8125 -8.625 -8.5 -14.6875 14.125 -13.3125 -4 12.5 
16.3125 14 8.375 -10.3125 -10.1875 -1.9375 6.125 -9.625 -10.25 5.6875 -14.0625 11.625 3.5625 -8.125 -13 8.5 
6.8125 16.125 12.625 -3.1875 -6.625 9.5 6.9375 9.5625 -9.375 -4.125 -7.125 -20.6875 12 -14.875 -12.4375 21.8125 
5.3125 9.3125 20.9375 -12.875 -8.5625 -11 9.75 -12.375 -6.5 9 -10.25 4 14.125 -11.6875 -1.75 10.5 
1.5625 4.375 17.5 0.6875 -16.5 8.625 10.3125 10.1875 -16.1875 -12.125 -15.125 -7.4375 9.25 -7.375 -12.625 10.875 
19.375 7.9375 9 -12.4375 -6.8125 -8.5 0.875 -9.25 -13.625 11.1875 -7.875 12.0625 9.1875 -19.75 -16.0625 10.9375 
17.3125 20.3125 18.0625 -7.9375 -14.875 5.4375 10.1875 10.25 -13.5 -12.1875 -13.375 -15.3125 6.625 -10.875 -1.8125 10.6875 
5.6875 9.1875 8.5 -13.125 -7.75 -13.5625 12 -6.4375 -6.6875 13.8125 -3.8125 8.375 10.375 -6.5625 -12 14.5 
11.25 10.6875 5.5 -11.75 -22 12.1875 3.9375 15.0625 -0.25 -4.625 -1 -4.4375 7.625 -2.9375 -16.5625 0.4375 
6.5625 9.8125 12.125 -10.5 -5.1875 -7.125 8.5 -2.1875 -19.6875 3.25 -10.75 14.8125 13.8125 -3.375 -10.75 13.5 
10.875 9.6875 10.875 -5.9375 -2.8125 11.25 12.0625 9.0625 -4 -11.75 -2.1875 -14.4375 11.75 -2.4375 -9.3125 14.1875 
13.5625 14.0625 10.5 -10.8125 -6.375 -7.5 9 -13.9375 -8.125 5.875 -9.6875 13.4375 13.5 -9.125 -16 12.875 
9.8125 11.125 16.375 -22.3125 -9.0625 8.75 15.8125 19.1875 -7.625 -15.5625 -9.5 -8.4375 6.3125 -8.625 -12.375 7.625 
14 4.875 7.75 -10.3125 -7.5625 -9.75 8.75 -6.375 -11.4375 14.375 5.875 6.9375 3.125 -13.375 -14.875 16.1875 
7.5625 10.6875 7.4375 -3.125 -14.1875 7.75 2.3125 7 -6.4375 -11.125 -16 -14.75 3 -13.8125 -6.8125 12.5625 
3.8125 6.5 17.625 -11.4375 -1.4375 -11.625 3.6875 -5.8125 -8.5625 5.25 -11.375 9.8125 14.25 -16.75 -7.1875 4.3125 
11.9375 9.5625 13.5 -2.3125 -9.0625 10.25 6.5 11.5 -11.25 -3.4375 -4.375 -6.375 12.3125 -15.5 -5.9375 10.8125 
13.4375 6.3125 3.625 -6.1875 -4.625 -13.3125 16.375 -8.4375 -5.3125 2.5625 -10.5 13.25 9.5 -9.1875 -1.8125 4.3125 
11.0625 15.375 10.75 0.125 -6.5 10.9375 11.0625 7.3125 -14.6875 -9.875 -8.0625 -20.125 1.8125 -10.5 -7.0625 5.5 
14.25 12.625 14.5625 -6.8125 -4.5625 -5.1875 10.5625 -12.8125 -11.3125 11.25 -2.5 4.3125 15 -16.8125 -10.1875 -1 
11.0625 12.875 9.625 -10.375 -10.25 14.5625 6.125 18.6875 -4.6875 -5.8125 -11.5 -11.25 13.75 -11.3125 -11.25 4.4375 
6.9375 11.75 10.4375 -13.5625 -12.25 -17.0625 12.25 2.0625 -13.5625 14.875 -11.9375 5.25 10.9375 -4.875 -16.0625 11.375 
8.9375 5.75 9.5 -15.75 -11.5 10.75 20.875 17.5625 -14.25 -6 -12.9375 -8.125 12.4375 -16.4375 -8.8125 -0.375 
14.4375 6.25 16.4375 -7.0625 -14.125 -18.0625 8.3125 -8.5625 -10.1875 16.3125 -20.3125 11.0625 12.6875 -9.6875 -5.6875 7