60 256
-14.4375 12.8125 -14.8125 -13.1875 23.75 9.9375 17.8125 -13.625 12.75 -12.1875 -0.3125 3 -14.6875 -17.25 -1.875 16.75 
-20.1875 12.1875 13.5625 -18.5 -21.0625 -9.875 13.875 12.4375 10.0625 -7.5 -9.5 14.1875 20.9375 -10.75 9.875 16.4375 
-15 -16.875 18.3125 11.4375 -18.25 11.375 -13.4375 -17.4375 -10.8125 18 -8.25 -16.375 15.5625 -11 7.0625 -21.625 
-16.375 9.875 -16 7.375 -17.8125 -19.9375 9.6875 -9.125 -10 -5.125 -10.0625 -8.625 12.75 -9.875 14.6875 13.0625 
-14.0625 13.4375 -18.6875 -13.4375 -15.125 13.875 7.0625 12.5625 19.1875 14.875 -7.75 -8.4375 9.5 -6.625 -16.8125 16.3125 
-12.4375 14.125 6.625 -7.1875 -3.0625 -21.5 -15.3125 -10.625 8.25 11.1875 -12.6875 -8 7 17.3125 -18.375 0.25 
-11 -13.25 15.75 10.75 -17.5625 -13.625 -8.0625 6.5 -11.0625 -13.125 -12.625 13 -8.0625 -6.0625 -23.8125 -17.25 
-16.9375 17.6875 -20.375 8 -16.5 -10.625 19.125 -13.5625 -4.375 20.125 -13.25 16.4375 -9.6875 -11.625 -19.4375 15.625 
-16.75 8.6875 -10.4375 -10.8125 12.25 16.375 -14.375 13.0625 19.3125 -10.3125 -10.5625 6.875 -16.6875 11.5 -18.9375 11 
-14.875 15.875 17.4375 -3.75 -9.1875 -13.1875 -14.5 -17.8125 15.375 -13.8125 -22.3125 19.125 9.3125 13.3125 -7.1875 6.875 
-18.75 -4.375 23.4375 3.25 -5.25 10 11.375 17.6875 -11.9375 8.125 -7.8125 -12 9.25 8.4375 -8.6875 -15.6875 
-7.6875 14.875 -11.4375 7.4375 -10.6875 -8.3125 -9.4375 11.6875 -12.375 -16.125 -17.3125 -8.25 8.9375 12.5625 -10.4375 11 
-8.6875 3.875 -10.25 -7.75 -12.375 23.25 -17.5 -17.3125 10.8125 14.4375 -11.0625 -15.4375 6.4375 7.375 12.5 18.3125 
-7.375 15.3125 16 -14.3125 -15.5 -13.5625 14.0625 10.875 14 10.75 -15.4375 -17.0625 14.6875 -12 11.75 21.0625 
-13.6875 -17.25 11 11.125 -11.75 -22.375 13.1875 -11.8125 -17.3125 -20.25 -14.875 15.1875 -16 15.9375 12.75 -17.625 
-14.3125 3.5 -15.375 2.4375 -4.9375 -15.3125 -17.625 16.75 -21.875 20.75 -6.5 17 -17 -0.875 11 10.75