12 512
-2.6875 13.875 8.1875 -24.3125 9.5 12.625 14.375 11 -15.8125 -10.5625 2.4375 -15.8125 16.5625 -21.375 13.5625 11.3125 
-14.25 12.5 21.5 -1.3125 8.9375 -10 18.1875 -10.25 -9.1875 -10.1875 9.6875 -14.5625 7.5625 16.625 11.3125 -13.875 
-6.875 21.3125 11.1875 -11.875 14.3125 3 16.875 16 -10.9375 -8.3125 16.3125 -4.75 9.1875 -18.9375 9.9375 17.375 
-14.4375 19.5625 11.625 -13.6875 13.4375 -4.75 13.25 -3.4375 -9.875 -13.1875 11.9375 -12.3125 6.9375 18.4375 10.875 -15 
-18.125 10.125 9.5 -9.9375 15.75 13.9375 11.4375 15.4375 -12.25 -11.8125 8.4375 -2.3125 4.5625 -15.625 11.375 18.6875 
-17.125 13.6875 5.875 -8.25 2.375 -13.6875 13.9375 -10.1875 -10.125 -17 11.5 -11.0625 11.0625 18.3125 13.375 -14.4375 
-7.5625 15.875 13.5625 -23.125 12.5 25.25 9.9375 10.625 -6.125 -9.8125 7.8125 -19 7.8125 -11.3125 15.3125 12.3125 
-14.8125 16.25 17.25 -14 19 -22.4375 12.8125 -15.4375 -15.0625 -9.625 8.6875 -13.875 17.5625 11.125 15.0625 -3.5 
-8.5625 17 18.8125 -12.9375 5.6875 10.125 3.1875 8.8125 0.625 -8.8125 15.3125 -14.3125 17.3125 -19.1875 11.75 7.125 
-8.4375 21.625 24.9375 -16.25 7.25 -13.125 10.1875 -21.1875 -16.4375 -9.0625 20.8125 -11.6875 19.3125 12.1875 15.0625 -18.1875 
-8.3125 15.625 14.4375 -15.5625 20.0625 13.75 11.3125 16.0625 -10.5 -6.1875 15.6875 -18.125 17.3125 -9.1875 20.6875 17 
-18.5 12.6875 21.25 -13.4375 5.8125 -13.3125 11.375 -18.75 -6.0625 -14.375 11.25 -10.875 1.6875 20.4375 13.1875 -16.625 
-18.5 16.125 11.875 -13.375 19.125 16.75 21 31.3125 -14.625 -19.0625 11.625 -12.3125 7.125 -4.125 11.3125 6.5 
-12.5625 14.1875 11.75 -14.875 14.9375 -14.6875 22.375 -16.6875 -16.8125 -11.0625 19.625 -12.875 17.125 16 14.375 -8.6875 
-11 12.25 14 -12.4375 13.125 2.1875 16.4375 14.8125 -14.625 -14.3125 7.5 -10.5 19.3125 -8.875 9 9.5625 
-6.5 21.6875 15.5625 -13.4375 9.875 -10.4375 12.0625 -5.5625 -21.5625 -17.75 12.3125 -8.875 11.6875 5.375 10.125 -7.375 
-10.9375 7.4375 11.4375 -14.1875 10.25 4.4375 8.375 15.6875 -13.0625 -13.8125 8.0625 -14.5 15.625 -18.5 14 15.6875 
-12.9375 16.125 17.5 -20.8125 18 -5.5 9.0625 -10.25 -13.8125 -8.9375 5.9375 -5.25 8.125 14.1875 9.9375 -10.0625 
-4.25 15.375 17.125 -3.5 14.625 21.4375 18.9375 10.75 -8.25 -11.1875 19.875 -21.3125 12.25 -18.5 11.875 16.625 
-5.375 11.3125 17.25 -5.1875 13.375 -22.5625 21.4375 -14.8125 -19.1875 -1.6875 13.4375 -11.25 19.625 15.75 11.0625 -15.4375 
-11.75 6.9375 6 -8.9375 11.625 12.1875 18 22.25 -1.4375 -13.5625 13.875 -9.0625 11.625 -10.5 13.125 15 
-11.5 14.9375 3.125 -13.875 13.375 -14.5 9.375 -22.25 -13 -7.25 3.1875 -3.9375 12.9375 7.6875 14.4375 -29.3125 
-8.9375 1.875 26 -6.125 17.6875 21.0625 12.1875 14.25 -8.25 -20.9375 16.4375 -13.0625 9.5 -11.75 14.6875 14.9375 
-22.75 17.4375 4.5625 -12 9.75 -6.5 9.5625 -12.125 -18.625 -18.625 18.375 -14.625 12.8125 17.625 12.5625 -16.8125 
-9.25 24.25 11.0625 -11.8125 7.4375 12.1875 14.875 13.3125 -18 -8 17.1875 -8.25 7.0625 -19.875 10.375 12.5 
-23.8125 6.9375 17.75 -13.875 4.6875 -13.0625 6.1875 -21.4375 -4.9375 -19.8125 9.3125 -10.125 14.75 16.4375 15.8125 -7.25 
-14.3125 16.9375 7.5625 -15 18.4375 7.9375 15.125 15.5625 -8.625 -11.875 6.4375 -5.75 12.75 -18.3125 17.625 16.5 
-9 8 14.0625 -21.125 21.5625 -12.6875 4.1875 -13.375 -19.3125 -5.1875 14.6875 -14.8125 8.5625 18.25 9.125 -4.3125 
-18.8125 3.6875 11.5 -13.625 11.8125 22.1875 17.9375 9.875 -8.9375 -14.125 11.875 -12.4375 10.125 -17.6875 8.4375 9.5625 
-14.625 8.875 12.25 -17.125 16.6875 -9 13.75 -7.3125 -17.25 -13 21.375 -11.4375 15.5625 8.0625 11.5 -22 
-4.375 10.6875 10.5625 -8.75 6.9375 12.0625 9.125 14.0625 -9.5625 -9.375 6.875 -14.375 13.5 -7.5 23.9375 7.9375 
-13.3125 12.25 7.75 -14 9.625 -17.625 21.75 -4.375 -16.375 -9.8125 6.9375 -7.5 15.8125 18.625 3.875 -14.125 