60 512
-17.875 17.6875 -6.625 20.4375 -15.625 6.4375 5.1875 12.25 7.875 11.125 -10.9375 -17.4375 2.1875 8.3125 12.875 12.375 
18.0625 7.375 4.375 -17.6875 9.1875 -10.8125 14.5 15.125 -13.5625 -17.9375 6.1875 -11.5 -12.5625 13.25 3.0625 -12.5 
-11.125 14.5 -19.75 -13 9.875 5.375 -18.8125 -10.375 13.3125 11.9375 12.625 13.375 13.625 -9.0625 -13.25 -17.6875 
-14.6875 -15.625 -17.3125 -12.9375 4.3125 -0.1875 -7.3125 7.5625 5.625 22.5625 11.5 -12.125 -15.375 13.125 7.625 12.3125 
-6.8125 7.4375 -14.875 12.125 7.125 18 -9.75 -9.8125 10.875 11.5 -13.5625 -10.9375 -16.0625 21.1875 -15 6.75 
7.25 12.125 21.1875 -14.5 -13.375 21.375 -17.875 9.125 -15.4375 -14.1875 -15.3125 16.375 17 -16.0625 13.5 -6.9375 
-15.1875 11.5625 -12.5625 -6 12 9.5 -17 5.75 10.1875 6.125 -6.9375 -7 9.0625 -9.75 12.4375 -5 
-6.625 -10.875 -16.9375 -18.6875 5.6875 -23.75 -0.6875 -13.6875 10.8125 17.25 11.75 -13.125 -9.875 4 12.1875 -8.0625 
10.9375 -13.6875 14.5 -10.375 16.1875 18.6875 -25.1875 22.4375 13 8.5625 -7.3125 -22 17.625 -22.1875 10.125 -10.25 
-10 -19.875 -11.3125 8.3125 -8.375 14.6875 -0.5625 -6.625 -15.375 -11.1875 13.625 -18 -9.3125 7.75 5.5 -23.125 
-9.6875 7.5625 -11.1875 -9.375 18.75 -8.3125 -11.0625 15.0625 -11.0625 -9.75 -12 -12.9375 -7.75 -14.5625 10.125 -15.75 
-17.0625 -10.75 -16.75 -10.75 9.25 -15.0625 -11.8125 1.3125 -14.3125 -1.4375 -16.1875 23.5 11.75 -22.1875 -5.75 -20.4375 
12.5 -5.8125 15.0625 -17.5625 -18.875 12.375 8.375 -8.5625 19.9375 20.875 -5.1875 -13.0625 -8.6875 -11.1875 -13 -7.625 
-3.125 -17.5 -14.75 16.5 12.0625 -5.25 12.5 -11.75 -7.5 -9 -14.9375 11.3125 4.6875 -8.9375 6.5 -10.875 
-24.25 18.5 -15 -25.1875 8.1875 -16.6875 -13.5 -10.375 -9.4375 -20.75 8.125 21.125 0.4375 -1.3125 -11.25 -9 
-14.0625 -6.0625 -11.3125 -15 21.3125 -8.125 -16.4375 -4.1875 -6.1875 -5.875 -12.625 12.25 11.75 -17.1875 -9.0625 17.625 
-8.3125 16.3125 -17.3125 14.625 -18.4375 13.5 15.75 15.6875 4.375 10.0625 -13.4375 -10.4375 14.375 15.6875 10.0625 10.4375 
15.75 10.25 15.5 -19.1875 10.625 -20.0625 14.5 18.375 -3.75 -18.3125 6.6875 -9.625 -12.625 9.75 8.3125 -21.75 
-9.0625 17.25 -9.25 -8.4375 17 13.8125 -11.125 -15.5625 17.875 10 16.5625 15.375 16.4375 -12.8125 -14.1875 -3.1875 
-3.9375 -8 -10.6875 -15.3125 11.4375 -20.0625 -14.5 8.4375 14.625 11.5 17.5 -15.375 3.125 21.375 20.25 15.875 
-19.75 14 -9.625 9.5 5.5 11.375 -11 -15.8125 14 13.75 -16.0625 -12.9375 -15.1875 19.125 -21.4375 19.5 
10.1875 9.8125 17.6875 -0.375 -12.6875 16.0625 -12.625 15.4375 -17.4375 -24.1875 -17.5 11.625 12.5625 -20.375 11 -3.625 
-10.5 18.9375 -1.5625 -9.875 14.25 14.75 -16.875 11.4375 18.8125 17.125 -7.875 -13.625 7.375 -13.625 10.0625 -5.9375 
-10.5625 -5.625 -15 -17.125 19.9375 -3.9375 -9.5 -16.9375 8.6875 11.875 11.25 -16.625 -7.0625 18.75 16.875 -14.25 
16.1875 -9.625 7.5 -10 5.1875 15.625 -26.4375 19 22.5 17.375 -10.125 -18.1875 16.8125 -12.3125 12 -12.3125 
-20.75 -15.1875 -4.875 12 -9.625 20.9375 -7.3125 -14.125 -15.9375 -16.75 16.125 -15.4375 -10.0625 9.125 11.8125 -14.375 
-8.6875 6 -12.875 -16 10.875 -1.75 -20.8125 14.0625 -13.8125 -16.5 -17.8125 -8.1875 -12.3125 -7.4375 13.375 -10.25 
-14.625 -2.9375 -15.6875 -2.125 20.125 -8.0625 -13.9375 12.625 -15.375 -19.8125 -11.5 21.5 6.3125 -8.125 -19.5 -12.9375 
10.875 -16.25 10 -6.3125 -18 14.5 10.5625 -10 18.8125 8.375 -18.9375 -10.6875 -13.4375 -14 -15.125 -3.5 
-11.125 -11.6875 -16.4375 16 8.5625 -13.5625 14.25 -15.6875 -7.9375 -5.375 -7.625 19 13.3125 -21 19.4375 -13.875 
-9.75 16.75 -11.375 -18.375 12.3125 -13.1875 -7.8125 -18.9375 -5.25 -10.5625 12.5 12.375 -21.1875 -9.6875 -11.75 -14.25 
-14.1875 -9.1875 -7.5625 -2.875 -0.5625 -15.375 -13.75 -13.0625 -11.3125 -12.5625 -25.3125 15 7.4375 -5.25 -11.6875 11.9375