12 256
12.125 -7.75 7.125 5.125 -15.8125 -11.5 -11.75 -5.625 9.1875 14.125 -15.125 6.6875 -15.0625 9.5625 12.375 -9.4375 
6 -13.3125 8.25 15.0625 -10.75 12.0625 -16.0625 2.8125 9.375 11.6875 9.375 -14.0625 -14.1875 -3.0625 -8 -0.8125 
19.375 -12.625 13 14.25 -4.8125 -4 -7.25 -17.3125 7.3125 10.75 -11.375 6.5 -8.3125 13.875 7.75 -3.1875 
19.4375 -14.8125 11.25 1.6875 -12.5 5 -7.6875 11.0625 11.1875 13.0625 14.25 -10.0625 -6.1875 -14.9375 -6.5625 -11.0625 
-3.3125 -7.8125 13.5625 5.75 -10.875 -8.8125 -5.125 -7 7.3125 8.125 -14.625 6.125 -13.125 11.6875 8.375 -12.875 
4.625 -11.375 8.6875 10.5625 -7.5625 6.5625 -19.0625 17.375 3.9375 7.875 11 -9.5625 -7.5 -14.3125 -18.625 -7.25 
-2.5625 -15.625 20.5 9.8125 -10 -4 -16.25 -11.3125 7.9375 13.125 -15.125 9.5 -13.3125 10.625 11.625 -14.875 
7.6875 -7.125 14.375 0.9375 -16.4375 10.625 -9.6875 12.625 13.8125 2.75 10.5 -8.3125 -11.75 -7.9375 -11.3125 -9 
10.4375 -8.25 5.125 8.375 -9.5 -13 -18.6875 -10.6875 5 6.625 -8.5 7.5 -12.5 2.6875 1.125 -8.3125 
1.6875 -3.0625 9.625 7.8125 -16.3125 1.25 -11.1875 7.75 13.8125 21.0625 7.6875 -17.125 -13.6875 -14.25 -7.875 -20.625 
1.9375 -3.3125 10.9375 16.75 -12 -7.1875 -8.375 -2.1875 16.0625 13.1875 -12.25 12.5625 -10.5 8.0625 16.9375 -10.625 
10.5625 -11.125 7.375 8.75 -6.1875 9.3125 -7.125 10.8125 19.3125 3.5 4.375 -4.875 -14.0625 -12.25 -15.5 -9.5 
10.5625 -15.875 3.8125 10.4375 -6.125 -6.75 -15.875 -12.625 5.5625 9.1875 -9.0625 10.25 -4.3125 12.375 9.75 -4.25 
4.6875 -13.25 9.625 9.375 -14.375 16.125 -17.3125 10.8125 8.125 18.1875 11.5 -4.75 -10.125 -13.0625 -3.1875 -7.375 
14.4375 -13.3125 9.5 5.5 -4.75 -12.5 -10.6875 -11.875 8.5 14.8125 -13.3125 13.0625 -5.1875 15.4375 4.125 -5.25 
6.9375 -5.0625 11.875 6.125 -10.375 0 -7.25 7.9375 6.4375 9.0625 14.9375 -1.75 -9.625 -14.5625 -13.9375 -10.25