110 256
6.5 8.25 -21.8125 14.4375 -18.1875 -14.75 -11.4375 -10.0625 15 14.8125 15.1875 15.5 18.75 16.125 19.125 9.6875 
8.875 -7.0625 -7.3125 12.75 -15.6875 9.5625 17.25 -19.4375 7.4375 10.875 20.0625 -4.0625 -14.375 11 21.8125 -7.6875 
-24.6875 10.1875 12.6875 -17.9375 -22.875 -13.5 -8.25 3.6875 16.25 -14.375 -5.625 -10.8125 7.125 -13.3125 -11.125 21.0625 
8 -20 -7.8125 13.25 3.1875 -7.25 21.8125 -8.5625 11.1875 -12.25 11.1875 20.3125 7.25 11.6875 -5.9375 -19.625 
4.75 -7.125 14.75 3.875 9.75 -12.25 -16.75 14.6875 -6.25 6.3125 14.5 -15.3125 16.5 7.0625 7.25 16.9375 
18.5 -2.125 -15.5625 -8.3125 13.9375 -13.375 -18.5 -14.125 -11.875 -10.5625 -19.1875 17.375 20.5 -9.6875 -14.1875 -10.4375 
14.5625 12.875 -14.6875 -10.8125 -9.8125 11.8125 -5.875 15.125 4.5625 13 -6.6875 10.25 -15.3125 -6.1875 10.375 -16.3125 
21.9375 -9.5 -14.375 -10.875 -18.125 11 -14 -13.875 -12 15.375 -13.375 -21.4375 15.6875 17.75 -8.5 17.8125 
13.25 4 -12.5 -18.625 9.375 15.875 -8.0625 8.0625 -17 3 -9.625 -15.625 -17.75 14.375 5.5 15.5 
15.5 -17.3125 -9.375 -0.5 9.3125 -9.25 -14.3125 9.9375 -13.0625 11.125 -5.0625 -12.4375 14.25 -18.125 -12.625 9 
-15.375 15.0625 16.5 10.3125 21.875 18.6875 -15.6875 -12.25 -11.625 -6.6875 13.5625 8.25 12.4375 9.75 18.25 -8.0625 
10.5 6.1875 -9.9375 18.75 -7.125 11.5 -17.875 1 -14.1875 -6.625 -9.9375 12.625 7.25 6.6875 -13.4375 -12.6875 
10.8125 -9.4375 15.625 -9.4375 -20.125 15.0625 -16.9375 -9.4375 -12.625 7.9375 15.5 14.75 5.8125 14.25 -13.1875 6.375 
9.3125 -13.8125 -14.375 -4.9375 -8.9375 12.125 15.375 11.3125 -23.1875 -12 -17.375 13.25 6.3125 8.75 -14.4375 6.0625 
13.625 7.3125 -8.8125 20.1875 10.1875 -17.25 -16 -18.8125 10.5 15.875 -14.5 -26.125 17.6875 15.0625 16.6875 16.875 
10 -14.375 -6.9375 -20.5 10.4375 -9.5625 19.375 15.125 -8.375 10.625 -5.1875 -10.4375 -13.5625 17.75 9.8125 11.3125 