35 256
-13.625 -9.5 -12.6875 12.0625 10.1875 -12.3125 -10.625 -9.3125 -5.3125 -8.0625 -12.0625 -9.8125 11 -11.0625 -13 11.875 
8.75 -14 -8.5625 15.5 -14.1875 1.6875 8.4375 -14.25 10.9375 -18 14.3125 -5.875 14.125 -9.625 10.0625 -9.625 
15.8125 -14.4375 8.25 22.5625 -9.5625 -9.375 10.9375 8.6875 -11.375 5.1875 -10.25 14.125 8.0625 17 -9.8125 -0.125 
-12.1875 12.625 11.0625 -10.875 7.9375 -12.5 -11.125 -7.25 15.8125 -15.625 12.9375 -13.5625 -2.5 16.75 -12.8125 -3.1875 
5.125 4.375 -11.5 7.875 -9.0625 -5.5 -10.8125 -3.4375 3.0625 4.125 12.875 1.9375 0.0625 5.125 8.125 -8.3125 
3 -1.875 6 -6.3125 -12.9375 10.9375 -13.5625 15.875 13.75 -12 8.0625 -21.375 10.3125 -11.5625 12 -5.8125 
-7.75 6.9375 3.4375 17.6875 12.9375 7.9375 12.25 -2.375 4.25 -5.375 4.625 -11.1875 -8.25 -4.8125 9.5 -13.8125 
-3.625 10.5 -8.8125 8 14.75 -10.75 12.375 18.1875 13.8125 -7.4375 12.125 -9.8125 2.875 16.5625 -9 -10.5625 
-9.8125 -12.0625 -19.0625 13.0625 14.0625 -18.75 -11.8125 -15.3125 -20.5625 -14.6875 -13.5625 -18.875 9.3125 -6.5 -11.875 13.4375 
9.875 -16.625 -15.6875 10.375 -9.375 5.4375 9 -16.5 12.625 -9.75 14.25 -7.5625 11.75 -8.6875 11.1875 -12.0625 
7.625 -2.0625 9.375 10.875 -7.1875 -1 1.875 10.5625 -7.625 8.25 -14.0625 3.125 0.1875 8.375 -12.125 2.4375 
-3.8125 6.5625 9.25 -4.625 8.4375 -11.25 -17.5625 -10.4375 14.1875 -8.875 8.375 -17.3125 -4.5625 11.1875 -5.8125 -13.3125 
15.8125 5.1875 -4.6875 8.6875 -17.125 17.375 -5.25 -10.0625 10.75 10.375 6.625 10.375 -0.75 17 -1 -15.0625 
6.5 -9.625 8.9375 -6.5 -8.75 4.1875 -8.75 11.0625 11.8125 -12.0625 1.3125 -10.1875 11.5625 -6.25 6.6875 -9.5 
-4.8125 16.0625 11.1875 9.1875 17.75 11.375 9.9375 5.9375 17.625 -8.4375 15.1875 -18.5625 -12.875 -12.9375 5.1875 -14.3125 
-13.4375 10.5625 -12.75 14.375 16.4375 -7.9375 12 5.0625 8.6875 -6.875 11.6875 -12.75 -9.1875 17.375 -8.875 -6.625