110 512
5.375 14.75 9.25 -15.9375 7 12.875 12.3125 -15.75 13.8125 9.125 10.75 -4.9375 -12.125 17.625 8.4375 -7.625 
-5.125 -9.4375 -7.9375 -7.6875 -6.5 -8.875 -13.375 18.0625 18 -10.4375 -11 -19.25 3.125 -5.5625 19.0625 -6.625 
11.5 10.75 -14.9375 -14.25 -8.4375 -14.1875 12.1875 -17.6875 -8 -12.4375 11.5 -17.125 12.25 -13.75 -11.25 9.0625 
15.25 7.625 -7.5 3.125 -4.4375 -6.375 -9.875 12.75 12.9375 -6.625 -11.3125 -8.8125 18.4375 -8.0625 10.875 12.5625 
11.3125 -5.3125 14.4375 -13.4375 10.9375 -7.5 -7.625 -13.875 -10.5 -7.25 -11.4375 -10 -13.5 -15.25 -10.0625 -18.875 
-11.5625 9.3125 -4.5 10.125 -13.3125 2.8125 11.875 10.4375 15.8125 -4.6875 17.0625 -1.5 -5.25 5.1875 -13.125 11.1875 
12.8125 -9.5 -9.4375 -16.75 -12.125 2.4375 -17.375 13.4375 9.875 6.9375 -10.1875 12.5 3 -5.5625 11.6875 -12 
10.5 -8.875 -7.875 -9.6875 -13.1875 -4.5625 14.875 -8.0625 13.875 -2.8125 -16.9375 13.6875 -8.875 -9.875 2.75 -0.875 
-9.0625 -7.8125 -5.625 19.125 -10.25 -10.9375 12.8125 -7.3125 -6.1875 -11.5 -8.5 -12.1875 -13.625 13.875 -9.0625 -5.75 
15.75 13.4375 14.4375 12.875 12.0625 8.4375 11.125 -18.9375 7.5625 -15.3125 -14.875 -11.75 -14.5625 4.25 7.0625 12.3125 
-9 -9.5625 10.6875 13.625 8.1875 8.6875 4.5625 -12.375 17.0625 12.4375 -15.25 -1.375 -12.375 3.0625 -6.875 -8.6875 
-7.9375 -3.0625 3.75 -7.5625 8.3125 1.3125 13.3125 -5.5 0.6875 -18 -15.6875 -11.875 12 -8.5625 -6.5625 6.75 
-6.625 8.5625 -4.875 3.3125 -7.5 15.0625 8.5625 5.9375 -7.75 -13.125 -17 -16.75 6.6875 1.25 -15.0625 14.25 
6.75 -11.5 14.625 -11.375 0.25 -10 -1.0625 -8.5 11.5625 -12.375 4.1875 -6.0625 9 -4.375 14.4375 7.5 
-14.5 17.6875 9.6875 11.9375 7.9375 10.25 11.875 -8.5625 14.5625 9.6875 -5.5 11.375 9 -16.4375 -12.375 -4.125 
-8.8125 6.9375 8.5625 12.3125 14.625 10.1875 -9.25 10.1875 14.875 -7.375 -10.125 13.625 -14 -10.8125 11.25 -5.5625 
17 13.6875 4.3125 -8.125 6.125 12 10.75 -6.5625 15.25 14.4375 10.875 -5.875 -17.3125 16 14.5625 -18.9375 
-6.25 -11.0625 -10.6875 -8.75 -6.5625 -6.5625 -8.5625 15.8125 5.25 -4.5 -7.1875 -8.9375 4.5 -9 4.125 -11.375 
9.5 2.875 -10.0625 -10.5625 -12.5625 -10.875 7.4375 -9.5 -13.375 -17.375 8.625 -4.625 11.0625 -9.375 -12.3125 8.5 
8.25 7.9375 -8.5 13.3125 -18.4375 -17.125 -6.6875 7.3125 10.5 -7.875 -10.3125 -12.8125 10.75 -15.9375 6.5625 7.1875 
10.625 -1.4375 9.5625 -14.5 1.75 -12.4375 -13.875 -8.8125 -10.3125 -5.6875 -11.5 -10.375 -6.3125 -17.1875 -9.6875 -16.25 
-3.1875 11.5625 -10.8125 9.3125 -17.1875 11.0625 13.5625 8.4375 0.6875 -1.8125 10.5 -11.8125 -11.6875 9.6875 -20.75 13.4375 
13.125 -6.875 -11.375 -10.875 -13.6875 -8.6875 -5.625 13.9375 9 11.5625 -13.3125 10.8125 9.3125 -10.375 13.875 -6.875 
8.6875 -11.8125 -9.875 -10.0625 -2.8125 -12.125 9.0625 -9.5625 8.3125 -9.3125 -9.875 5.5 -3.3125 -4.0625 8 7.4375 
-11.8125 -8.6875 1 7.9375 -0.5625 -15.25 9.5 -3.625 -11.1875 -12.125 -14.3125 -10.5 -8.4375 14.5 -10.625 -4.4375 
3.0625 22.0625 10.5625 9.5 8.125 8.5 8.5 -1.5625 10.125 -11.5 -8 -12.1875 -14.3125 9.125 6.625 17.6875 
-5.4375 -12.8125 3.0625 11.5 16.0625 13.5 11.375 -17.375 15.0625 11.1875 -12.875 -5.5625 -7.5 6.3125 -6.8125 -5.875 
-2.8125 -15 4.6875 -11.1875 14.3125 18.9375 12.8125 -5.8125 6.0625 -4.9375 -11.3125 -6.375 10.625 -17 -13.875 10.9375 
-2.4375 14.875 -12.9375 15.3125 -8.4375 15.4375 5.875 13.0625 -6.9375 -8.9375 -7.6875 -10.8125 9.0625 10.0625 -10 11.625 
6 -18.25 8.4375 -8.4375 16.6875 -8.9375 -14.6875 -7.3125 2.8125 -15.4375 2.8125 -13.6875 12.625 -19.5625 7.5625 15.8125 
-8.375 13.375 3.375 3.625 11.4375 13.8125 10.9375 -4.6875 10.625 5.625 -4.6875 13.125 15.875 -7.75 -14.4375 -11.125 
-17.8125 6.875 9.4375 9 9.875 4.9375 -5.4375 13.1875 8.25 -8.4375 -21.4375 16.375 -14.625 -7.75 9.5 -11.9375