97 256
-9.75 15.4375 -18.1875 14.8125 -16.6875 9.75 -20.25 -14.0625 -9.8125 4.1875 12.5625 6.125 12.75 10.125 -6.1875 -10.125 
10.6875 -7.25 2 -10.75 -11.375 -9.125 14.0625 8.3125 -10.0625 -15.0625 -4 16.25 -12.9375 -4.1875 15.1875 -8.5625 
17.4375 -10.5 -4.0625 -11.9375 -14.25 8.625 8 -15.125 8.0625 -12.3125 10.125 -7 -8.25 18.875 5.75 -13.75 
18.4375 -4.6875 -7.25 11.8125 8.875 -12.4375 -4.625 -12.625 -7.25 -10.25 1.5625 10.1875 -10.4375 -7.5625 -0.5625 -15 
17.75 7.0625 -2.375 15 -13.3125 -6.625 -15.5625 3.625 -10.4375 13.125 0.4375 14 2.9375 -6.8125 6.5625 11.9375 
2.25 -15.5625 16.1875 9.875 16.375 -13.875 2.9375 3.0625 5.6875 -13.625 -10.1875 16.6875 4.5625 3.8125 -9.75 -0.4375 
10.5625 4.4375 -17.125 -13.125 13.5625 -6.125 -14.5625 8.125 10.5625 -11.75 4.375 14 12.1875 -8.5 -13.75 19 
4.125 -19.5 -12.6875 -6.625 -14.5 10.1875 0.9375 -15.625 -0.1875 9.0625 8.75 12.5 4.9375 -5.875 20.5 16 
-12.8125 -5 17.125 10.9375 -11.9375 -13.5625 -9.4375 10.1875 -17.5 9.0625 4.3125 10.3125 11.0625 -10.25 14.5625 -6.875 
17.4375 11.9375 -10.4375 -4.75 -9.4375 18.0625 -14.375 8 -2.1875 -15.375 -5.5625 15.3125 -12.375 9.5 16.625 7.5625 
4.4375 9.1875 -11.6875 7.4375 -12.5625 -9.6875 -18.5625 -7.6875 10.5 -4.875 15.5625 -4 -12.375 -7.25 -12.6875 -12.8125 
10.5 15.3125 -18.0625 -14.1875 13.5 16.5625 -11.1875 2.6875 -8.125 -17.6875 4.75 5.0625 -4.875 6.9375 -17.375 15.25 
10.125 -5.375 7.3125 14.375 -6.375 8.125 -11.4375 -0.1875 -16.75 -4.125 6.5625 -7.25 4.0625 -6 -18.4375 -7.0625 
8.75 10.0625 -11.4375 9.125 7.875 16.3125 -19.8125 10.125 12.6875 7.8125 -13.0625 -2.625 5 10.25 -0.6875 2.625 
17.1875 -11.9375 -13.0625 10.625 13.125 10.1875 9.4375 7 17.4375 0.0625 7.3125 -11.1875 9 -7.4375 17.625 -8.875 
7.1875 12.1875 -10.125 5.4375 -9.3125 -8.6875 12.375 12.1875 -14.5 -10.0625 17.875 -6.8125 15 -18.5 8.9375 5.9375