42
75 128
9.0000 -8.0000 8.6250 11.6875 9.6875 -13.0000 7.6250 -11.0625 7.2500 -8.0000 -8.5625 -6.9375 -7.6250 -10.5000 -12.0000 -9.1875
10.0000 -10.6875 8.5000 -8.2500 9.8750 -8.5000 13.3125 -8.8750 9.4375 11.1875 -11.0625 7.8750 9.5000 12.0625 -7.7500 12.3750
-13.0625 -9.0625 10.3125 -11.1250 -9.3750 10.2500 -14.4375 -11.6250 -9.6875 8.8750 7.7500 -6.9375 -10.3750 9.7500 7.6875 9.8125
-9.5625 13.1250 -11.2500 -11.1250 -9.6875 -10.5625 -9.0625 -11.4375 -11.8125 10.5625 -10.4375 10.0625 12.0625 7.6875 10.6250 12.1250
10.8125 9.0000 11.3125 -9.1875 11.7500 7.4375 -12.8125 9.8125 12.3750 10.8750 -13.0625 -8.5000 -11.5000 11.3750 8.1875 -9.1250
5.8750 12.0625 8.3750 -8.3750 11.1875 11.0625 6.1875 -8.7500 10.6250 -8.6250 -8.1250 -14.5625 8.0000 -8.1250 -11.5000 -8.6875
-8.4375 11.1875 10.2500 10.4375 -6.8125 11.2500 -8.5625 11.3750 -10.2500 -11.9375 10.5000 -8.6875 -11.6250 11.0000 8.5000 7.1250
-9.5000 -9.1250 -8.6250 -10.4375 -10.7500 -6.5625 -10.4375 8.3125 -11.6875 -8.6875 -8.5625 -11.2500 8.8125 12.7500 12.6250 6.2500
0 0 0 0 0 0 0 0 0 0 0 0 0 0 0 0
0 0 0 0 0 0 0 0 0 0 0 0 0 0 0 0
0 0 0 0 0 0 0 0 0 0 0 0 0 0 0 0
0 0 0 0 0 0 0 0 0 0 0 0 0 0 0 0
0 0 0 0 0 0 0 0 0 0 0 0 0 0 0 0
0 0 0 0 0 0 0 0 0 0 0 0 0 0 0 0
0 0 0 0 0 0 0 0 0 0 0 0 0 0 0 0
0 0 0 0 0 0 0 0 0 0 0 0 0 0 0 0
0 0 0 0 0 0 0 0 0 0 0 0 0 0 0 0
0 0 0 0 0 0 0 0 0 0 0 0 0 0 0 0
0 0 0 0 0 0 0 0 0 0 0 0 0 0 0 0
0 0 0 0 0 0 0 0 0 0 0 0 0 0 0 0
0 0 0 0 0 0 0 0 0 0 0 0 0 0 0 0
0 0 0 0 0 0 0 0 0 0 0 0 0 0 0 0
0 0 0 0 0 0 0 0 0 0 0 0 0 0 0 0
0 0 0 0 0 0 0 0 0 0 0 0 0 0 0 0
0 0 0 0 0 0 0 0 0 0 0 0 0 0 0 0
0 0 0 0 0 0 0 0 0 0 0 0 0 0 0 0
0 0 0 0 0 0 0 0 0 0 0 0 0 0 0 0
0 0 0 0 0 0 0 0 0 0 0 0 0 0 0 0
0 0 0 0 0 0 0 0 0 0 0 0 0 0 0 0
0 0 0 0 0 0 0 0 0 0 0 0 0 0 0 0
0 0 0 0 0 0 0 0 0 0 0 0 0 0 0 0
0 0 0 0 0 0 0 0 0 0 0 0 0 0 0 0
75 128
8.8125 -17.9375 14.8125 13.5625 15.6875 -10.1250 16.1250 -12.2500 8.2500 -13.5000 -13.8125 -11.6875 -16.5625 -12.6875 -10.3750 -13.3750
9.1250 -12.6250 15.0000 -12.5625 15.1250 -14.0000 12.2500 -13.6250 12.8125 14.8750 -14.1250 10.3750 10.3750 14.8125 -11.9375 11.6875
-11.2500 -14.2500 14.5625 -14.3750 -10.5625 13.2500 -13.3750 -10.9375 -12.4375 13.5000 14.1250 -13.1875 -15.7500 10.7500 10.5625 15.9375
-11.6875 13.4375 -13.1875 -12.4375 -11.6250 -9.6875 -13.6250 -13.8750 -12.3125 13.3750 -13.0000 11.3750 13.4375 14.1250 8.1250 12.4375
14.8125 14.5000 11.7500 -12.2500 14.0000 13.1250 -13.5625 9.8125 12.8750 12.7500 -14.0000 -14.8125 -10.6875 10.4375 14.5625 -12.0625
9.6875 15.6250 11.5000 -13.1875 11.5625 11.7500 15.1250 -11.1875 14.5000 -13.5625 -9.3125 -12.0000 12.6875 -14.3125 -13.2500 -14.5000
-11.3125 14.8750 9.6250 13.5000 -11.3750 10.1250 -13.1875 12.1875 -11.1250 -15.0000 8.0625 -13.9375 -14.6250 14.8750 10.8750 13.4375
-13.4375 -11.9375 -15.9375 -12.0625 -9.0625 -11.2500 -10.0625 16.5000 -10.8750 -9.5000 -8.8125 -9.3125 12.8750 11.6250 10.0000 12.5000
0 0 0 0 0 0 0 0 0 0 0 0 0 0 0 0
0 0 0 0 0 0 0 0 0 0 0 0 0 0 0 0
0 0 0 0 0 0 0 0 0 0 0 0 0 0 0 0
0 0 0 0 0 0 0 0 0 0 0 0 0 0 0 0
0 0 0 0 0 0 0 0 0 0 0 0 0 0 0 0
0 0 0 0 0 0 0 0 0 0 0 0 0 0 0 0
0 0 0 0 0 0 0 0 0 0 0 0 0 0 0 0
0 0 0 0 0 0 0 0 0 0 0 0 0 0 0 0
0 0 0 0 0 0 0 0 0 0 0 0 0 0 0 0
0 0 0 0 0 0 0 0 0 0 0 0 0 0 0 0
0 0 0 0 0 0 0 0 0 0 0 0 0 0 0 0
0 0 0 0 0 0 0 0 0 0 0 0 0 0 0 0
0 0 0 0 0 0 0 0 0 0 0 0 0 0 0 0
0 0 0 0 0 0 0 0 0 0 0 0 0 0 0 0
0 0 0 0 0 0 0 0 0 0 0 0 0 0 0 0
0 0 0 0 0 0 0 0 0 0 0 0 0 0 0 0
0 0 0 0 0 0 0 0 0 0 0 0 0 0 0 0
0 0 0 0 0 0 0 0 0 0 0 0 0 0 0 0
0 0 0 0 0 0 0 0 0 0 0 0 0 0 0 0
0 0 0 0 0 0 0 0 0 0 0 0 0 0 0 0
0 0 0 0 0 0 0 0 0 0 0 0 0 0 0 0
0 0 0 0 0 0 0 0 0 0 0 0 0 0 0 0
0 0 0 0 0 0 0 0 0 0 0 0 0 0 0 0
0 0 0 0 0 0 0 0 0 0 0 0 0 0 0 0
76 128
-8.3125 12.3125 -6.4375 -10.6250 11.2500 10.5000 10.0625 -9.1875 -10.8750 -7.8750 -9.5625 -12.6250 10.0000 11.5625 12.5000 10.3750
-8.4375 -15.0625 12.0625 8.5625 14.6875 -10.3125 10.3125 -12.1250 -6.6875 -10.8125 -14.7500 11.6875 -8.1875 11.9375 -10.1875 9.6250
-13.9375 11.9375 -11.8750 7.6875 -8.5625 -8.9375 8.8750 -13.0000 -11.5625 11.0000 10.1875 -9.1875 -7.5625 9.8125 -10.5000 -6.3750
-12.0625 -9.1250 -13.6250 -11.3125 12.1875 7.3750 -12.0000 9.6875 -6.2500 -8.5000 -11.1250 -10.1875 -8.0000 10.1250 -10.7500 8.1250
-10.6250 -8.1875 -11.8750 7.6875 7.5000 6.9375 5.9375 -10.6875 -10.0625 10.4375 -9.5625 -10.3125 -11.8750 10.6875 -10.8125 8.0625
6.5625 -11.1250 -5.7500 8.3125 -7.7500 7.5625 8.6875 -8.6875 11.5000 -7.1875 9.1250 -10.8125 13.8750 10.6250 -8.0000 -9.0000
8.3750 9.6250 12.3125 7.6875 9.5000 -12.6875 10.5625 11.3125 9.0625 6.3750 -13.0625 9.8750 -9.2500 9.5625 8.8750 11.6875
-9.0000 7.6250 -9.3750 11.1250 12.2500 -10.5000 11.8125 8.8125 -11.1250 8.5000 -10.0000 -8.6875 -10.6875 10.0000 8.6250 -9.6250
0 0 0 0 0 0 0 0 0 0 0 0 0 0 0 0
0 0 0 0 0 0 0 0 0 0 0 0 0 0 0 0
0 0 0 0 0 0 0 0 0 0 0 0 0 0 0 0
0 0 0 0 0 0 0 0 0 0 0 0 0 0 0 0
0 0 0 0 0 0 0 0 0 0 0 0 0 0 0 0
0 0 0 0 0 0 0 0 0 0 0 0 0 0 0 0
0 0 0 0 0 0 0 0 0 0 0 0 0 0 0 0
0 0 0 0 0 0 0 0 0 0 0 0 0 0 0 0
0 0 0 0 0 0 0 0 0 0 0 0 0 0 0 0
0 0 0 0 0 0 0 0 0 0 0 0 0 0 0 0
0 0 0 0 0 0 0 0 0 0 0 0 0 0 0 0
0 0 0 0 0 0 0 0 0 0 0 0 0 0 0 0
0 0 0 0 0 0 0 0 0 0 0 0 0 0 0 0
0 0 0 0 0 0 0 0 0 0 0 0 0 0 0 0
0 0 0 0 0 0 0 0 0 0 0 0 0 0 0 0
0 0 0 0 0 0 0 0 0 0 0 0 0 0 0 0
0 0 0 0 0 0 0 0 0 0 0 0 0 0 0 0
0 0 0 0 0 0 0 0 0 0 0 0 0 0 0 0
0 0 0 0 0 0 0 0 0 0 0 0 0 0 0 0
0 0 0 0 0 0 0 0 0 0 0 0 0 0 0 0
0 0 0 0 0 0 0 0 0 0 0 0 0 0 0 0
0 0 0 0 0 0 0 0 0 0 0 0 0 0 0 0
0 0 0 0 0 0 0 0 0 0 0 0 0 0 0 0
0 0 0 0 0 0 0 0 0 0 0 0 0 0 0 0
76 128
-12.6875 11.4375 -12.8125 -12.7500 11.1875 10.9375 13.5000 -11.1250 -11.4375 -10.1875 -12.0000 -14.1250 11.8125 10.2500 13.6875 16.8750
-13.3750 -12.9375 14.2500 14.5625 13.2500 -8.9375 11.0000 -12.6875 -9.3750 -13.0000 -15.0625 14.3750 -7.8750 11.3125 -10.0625 11.2500
-13.0625 8.8125 -16.1875 13.3125 -14.3125 -10.9375 14.7500 -12.1875 -14.5000 14.3125 13.2500 -13.1250 -8.5000 7.2500 -14.7500 -12.8125
-15.5625 -12.9375 -15.3125 -10.7500 11.4375 14.2500 -12.5625 10.2500 -10.4375 -10.9375 -16.4375 -12.3750 -13.0625 9.1250 -12.8750 9.3750
-11.6250 -12.8750 -12.1250 13.2500 12.5625 11.7500 13.1875 -12.0000 -12.7500 12.3750 -11.5625 -13.6250 -14.5625 15.5625 -13.8750 13.4375
13.6875 -13.3750 -12.9375 13.1875 -15.6250 14.0000 15.9375 -12.8750 12.5000 -13.5625 14.9375 -12.0000 15.0000 10.4375 -12.6250 -9.6250
15.6250 11.6875 13.3125 11.8750 8.9375 -12.6250 12.6250 12.6875 9.7500 14.3750 -11.5625 13.8125 -14.5000 12.7500 13.1875 13.0625
-13.9375 12.0625 -12.2500 13.1875 13.4375 -10.1875 9.3125 15.5625 -12.5000 16.5000 -16.0625 -10.1250 -10.7500 11.6875 12.6250 -12.6875
0 0 0 0 0 0 0 0 0 0 0 0 0 0 0 0
0 0 0 0 0 0 0 0 0 0 0 0 0 0 0 0
0 0 0 0 0 0 0 0 0 0 0 0 0 0 0 0
0 0 0 0 0 0 0 0 0 0 0 0 0 0 0 0
0 0 0 0 0 0 0 0 0 0 0 0 0 0 0 0
0 0 0 0 0 0 0 0 0 0 0 0 0 0 0 0
0 0 0 0 0 0 0 0 0 0 0 0 0 0 0 0
0 0 0 0 0 0 0 0 0 0 0 0 0 0 0 0
0 0 0 0 0 0 0 0 0 0 0 0 0 0 0 0
0 0 0 0 0 0 0 0 0 0 0 0 0 0 0 0
0 0 0 0 0 0 0 0 0 0 0 0 0 0 0 0
0 0 0 0 0 0 0 0 0 0 0 0 0 0 0 0
0 0 0 0 0 0 0 0 0 0 0 0 0 0 0 0
0 0 0 0 0 0 0 0 0 0 0 0 0 0 0 0
0 0 0 0 0 0 0 0 0 0 0 0 0 0 0 0
0 0 0 0 0 0 0 0 0 0 0 0 0 0 0 0
0 0 0 0 0 0 0 0 0 0 0 0 0 0 0 0
0 0 0 0 0 0 0 0 0 0 0 0 0 0 0 0
0 0 0 0 0 0 0 0 0 0 0 0 0 0 0 0
0 0 0 0 0 0 0 0 0 0 0 0 0 0 0 0
0 0 0 0 0 0 0 0 0 0 0 0 0 0 0 0
0 0 0 0 0 0 0 0 0 0 0 0 0 0 0 0
0 0 0 0 0 0 0 0 0 0 0 0 0 0 0 0
0 0 0 0 0 0 0 0 0 0 0 0 0 0 0 0
77 128
12.8750 -10.5625 -12.0625 -7.8125 -12.3750 9.0625 -9.5000 10.6875 13.8125 9.0000 10.8125 -10.7500 -9.5625 11.1875 11.8750 8.0000
7.8125 -7.4375 -7.6875 -7.3125 9.1875 -8.1875 -11.6875 6.9375 -9.8125 10.1250 -9.6875 10.6875 -10.3750 -9.3750 9.8750 -9.0000
9.7500 -11.1250 -8.8750 -13.2500 -8.3125 12.8125 12.3125 -13.8750 -10.8750 -8.5000 -9.6875 -9.8125 -10.8125 -12.4375 -11.0625 -8.7500
-12.3750 9.2500 5.9375 -7.6875 10.1250 10.6875 -8.8125 5.1250 9.3125 11.9375 6.1250 -12.6250 9.0625 -12.3125 10.0000 -8.4375
7.5000 6.3125 -11.2500 10.3125 -11.3750 9.6875 13.8125 12.5000 -10.1250 11.6875 -10.6250 -9.6875 -6.0625 -10.7500 -8.8750 -10.4375
7.1250 9.2500 -10.7500 11.1875 10.5625 -9.1875 -10.6250 9.0625 8.6875 5.1250 7.1250 9.5000 10.0625 -9.5625 -9.3125 -9.8750
9.6250 9.6875 -9.8750 8.5000 -12.8125 -7.5625 -13.1875 12.9375 -7.5000 11.1875 -12.4375 7.7500 10.3125 8.1250 -9.2500 9.1250
-11.7500 -11.1875 8.4375 10.4375 9.8750 -10.4375 -11.8125 -11.9375 10.8750 -14.9375 9.6250 14.2500 9.5625 -9.6875 10.3125 -12.1250
0 0 0 0 0 0 0 0 0 0 0 0 0 0 0 0
0 0 0 0 0 0 0 0 0 0 0 0 0 0 0 0
0 0 0 0 0 0 0 0 0 0 0 0 0 0 0 0
0 0 0 0 0 0 0 0 0 0 0 0 0 0 0 0
0 0 0 0 0 0 0 0 0 0 0 0 0 0 0 0
0 0 0 0 0 0 0 0 0 0 0 0 0 0 0 0
0 0 0 0 0 0 0 0 0 0 0 0 0 0 0 0
0 0 0 0 0 0 0 0 0 0 0 0 0 0 0 0
0 0 0 0 0 0 0 0 0 0 0 0 0 0 0 0
0 0 0 0 0 0 0 0 0 0 0 0 0 0 0 0
0 0 0 0 0 0 0 0 0 0 0 0 0 0 0 0
0 0 0 0 0 0 0 0 0 0 0 0 0 0 0 0
0 0 0 0 0 0 0 0 0 0 0 0 0 0 0 0
0 0 0 0 0 0 0 0 0 0 0 0 0 0 0 0
0 0 0 0 0 0 0 0 0 0 0 0 0 0 0 0
0 0 0 0 0 0 0 0 0 0 0 0 0 0 0 0
0 0 0 0 0 0 0 0 0 0 0 0 0 0 0 0
0 0 0 0 0 0 0 0 0 0 0 0 0 0 0 0
0 0 0 0 0 0 0 0 0 0 0 0 0 0 0 0
0 0 0 0 0 0 0 0 0 0 0 0 0 0 0 0
0 0 0 0 0 0 0 0 0 0 0 0 0 0 0 0
0 0 0 0 0 0 0 0 0 0 0 0 0 0 0 0
0 0 0 0 0 0 0 0 0 0 0 0 0 0 0 0
0 0 0 0 0 0 0 0 0 0 0 0 0 0 0 0
77 128
12.5625 -12.1250 -16.5625 -12.5625 -12.5000 10.6250 -10.6875 12.1875 11.8750 11.2500 10.4375 -12.5625 -11.6875 12.1250 14.1875 11.7500
14.1250 -10.0625 -11.3750 -14.6250 13.5625 -12.8750 -14.1250 12.2500 -9.6250 14.6875 -10.7500 12.6875 -10.6250 -12.7500 17.1875 -9.3750
14.8750 -12.2500 -17.1250 -16.5625 -11.5000 11.0000 14.9375 -14.5000 -12.9375 -10.7500 -11.0000 -14.6250 -13.3125 -13.8750 -14.1875 -11.8125
-13.5625 14.0000 10.8750 -15.3125 10.0625 13.9375 -13.8750 14.2500 13.7500 13.1875 12.2500 -15.1250 13.5000 -14.6875 14.3750 -13.6250
12.3125 14.1250 -12.5625 14.1875 -12.3125 13.3125 8.3750 11.4375 -14.6875 12.6250 -12.3125 -11.8125 -13.5000 -11.0625 -11.3750 -12.2500
11.5625 15.3750 -14.1250 11.4375 10.9375 -9.0000 -12.3125 10.8750 13.0000 15.1250 12.2500 12.6250 13.8750 -13.7500 -13.2500 -11.5625
12.5000 12.1250 -15.5000 12.9375 -15.3750 -10.2500 -12.3125 11.4375 -10.3750 12.4375 -15.4375 14.7500 12.6875 10.9375 -16.5000 12.1250
-12.2500 -12.5000 11.9375 10.6250 14.6875 -12.5625 -10.8750 -9.0625 11.6875 -13.8125 13.3750 11.7500 12.8125 -10.7500 11.9375 -10.5625
0 0 0 0 0 0 0 0 0 0 0 0 0 0 0 0
0 0 0 0 0 0 0 0 0 0 0 0 0 0 0 0
0 0 0 0 0 0 0 0 0 0 0 0 0 0 0 0
0 0 0 0 0 0 0 0 0 0 0 0 0 0 0 0
0 0 0 0 0 0 0 0 0 0 0 0 0 0 0 0
0 0 0 0 0 0 0 0 0 0 0 0 0 0 0 0
0 0 0 0 0 0 0 0 0 0 0 0 0 0 0 0
0 0 0 0 0 0 0 0 0 0 0 0 0 0 0 0
0 0 0 0 0 0 0 0 0 0 0 0 0 0 0 0
0 0 0 0 0 0 0 0 0 0 0 0 0 0 0 0
0 0 0 0 0 0 0 0 0 0 0 0 0 0 0 0
0 0 0 0 0 0 0 0 0 0 0 0 0 0 0 0
0 0 0 0 0 0 0 0 0 0 0 0 0 0 0 0
0 0 0 0 0 0 0 0 0 0 0 0 0 0 0 0
0 0 0 0 0 0 0 0 0 0 0 0 0 0 0 0
0 0 0 0 0 0 0 0 0 0 0 0 0 0 0 0
0 0 0 0 0 0 0 0 0 0 0 0 0 0 0 0
0 0 0 0 0 0 0 0 0 0 0 0 0 0 0 0
0 0 0 0 0 0 0 0 0 0 0 0 0 0 0 0
0 0 0 0 0 0 0 0 0 0 0 0 0 0 0 0
0 0 0 0 0 0 0 0 0 0 0 0 0 0 0 0
0 0 0 0 0 0 0 0 0 0 0 0 0 0 0 0
0 0 0 0 0 0 0 0 0 0 0 0 0 0 0 0
0 0 0 0 0 0 0 0 0 0 0 0 0 0 0 0
78 128
8.6875 8.0625 14.1875 9.6250 -12.1875 11.2500 -12.4375 -9.9375 -7.1875 -7.4375 14.2500 -10.4375 9.1875 -10.4375 9.8750 -6.0000
-9.6875 -9.8750 -11.6875 10.3125 8.2500 -9.1875 -9.2500 -10.8750 13.6250 7.0625 12.0000 11.8750 -7.5625 -11.1250 10.6250 12.8750
10.1875 9.9375 -9.7500 -10.0000 -10.0000 9.9375 -11.4375 11.0000 -8.2500 11.4375 -7.8750 8.3125 -11.0000 10.0000 -7.3750 9.2500
-10.5000 -9.8750 -8.9375 -10.3750 -11.5000 -10.3125 13.5000 -12.1875 9.1875 -10.1250 7.3750 9.2500 -9.4375 -8.8750 -10.5000 -9.8125
-7.1250 5.5000 -9.3125 -9.1250 9.8125 -8.8125 -9.4375 -10.7500 -8.3750 -11.4375 10.1875 -5.3125 -8.0625 11.3750 -7.2500 -5.5625
-9.9375 9.5625 -12.2500 -9.1875 10.3125 -14.1875 9.7500 12.0625 -10.5625 -11.1250 -8.8125 10.3750 -12.1250 -8.3750 9.9375 -12.3750
-8.8750 10.2500 11.6250 11.1875 7.6875 10.3125 -10.5625 -8.3125 9.3750 -11.1250 11.3125 -11.7500 -10.5000 -8.5000 10.9375 -11.2500
-8.1250 9.5000 -11.3750 10.9375 -9.2500 6.5625 -9.1250 -7.5000 11.8750 -10.3750 9.8750 -12.1250 11.0625 -11.9375 -8.8125 -9.1250
0 0 0 0 0 0 0 0 0 0 0 0 0 0 0 0
0 0 0 0 0 0 0 0 0 0 0 0 0 0 0 0
0 0 0 0 0 0 0 0 0 0 0 0 0 0 0 0
0 0 0 0 0 0 0 0 0 0 0 0 0 0 0 0
0 0 0 0 0 0 0 0 0 0 0 0 0 0 0 0
0 0 0 0 0 0 0 0 0 0 0 0 0 0 0 0
0 0 0 0 0 0 0 0 0 0 0 0 0 0 0 0
0 0 0 0 0 0 0 0 0 0 0 0 0 0 0 0
0 0 0 0 0 0 0 0 0 0 0 0 0 0 0 0
0 0 0 0 0 0 0 0 0 0 0 0 0 0 0 0
0 0 0 0 0 0 0 0 0 0 0 0 0 0 0 0
0 0 0 0 0 0 0 0 0 0 0 0 0 0 0 0
0 0 0 0 0 0 0 0 0 0 0 0 0 0 0 0
0 0 0 0 0 0 0 0 0 0 0 0 0 0 0 0
0 0 0 0 0 0 0 0 0 0 0 0 0 0 0 0
0 0 0 0 0 0 0 0 0 0 0 0 0 0 0 0
0 0 0 0 0 0 0 0 0 0 0 0 0 0 0 0
0 0 0 0 0 0 0 0 0 0 0 0 0 0 0 0
0 0 0 0 0 0 0 0 0 0 0 0 0 0 0 0
0 0 0 0 0 0 0 0 0 0 0 0 0 0 0 0
0 0 0 0 0 0 0 0 0 0 0 0 0 0 0 0
0 0 0 0 0 0 0 0 0 0 0 0 0 0 0 0
0 0 0 0 0 0 0 0 0 0 0 0 0 0 0 0
0 0 0 0 0 0 0 0 0 0 0 0 0 0 0 0
78 128
12.6250 14.5625 15.1250 12.2500 -12.3125 13.6250 -12.5625 -14.0625 -12.6250 -13.7500 12.5000 -11.8750 12.9375 -11.1250 13.4375 -13.5625
-14.0625 -13.0625 -11.1250 11.7500 14.1250 -14.1250 -12.3750 -9.2500 12.6875 12.0000 12.4375 17.0000 -15.0625 -10.9375 9.3125 13.4375
9.3125 14.5000 -8.5000 -16.6250 -13.3125 15.8750 -13.6250 15.2500 -11.9375 9.1875 -13.0000 10.9375 -10.0000 12.8125 -15.3125 11.0625
-12.3750 -12.1875 -13.9375 -14.2500 -10.2500 -13.9375 12.1250 -14.8750 15.9375 -13.6875 10.6250 12.9375 -12.3125 -11.9375 -9.1250 -13.1875
-12.6250 14.4375 -10.6250 -12.5625 10.8125 -12.7500 -14.1250 -9.6250 -12.3125 -11.3125 11.2500 -17.3125 -12.5625 14.9375 -12.7500 -14.1250
-11.3750 15.1875 -12.5625 -12.3125 10.3125 -14.8750 15.6250 15.3125 -12.4375 -13.1875 -13.1875 12.5000 -8.9375 -14.0000 14.5625 -13.3125
-9.0625 10.8125 11.6250 10.0000 14.8750 13.6875 -11.8750 -14.0625 11.1875 -10.8125 14.5625 -11.8750 -9.4375 -12.6875 13.7500 -12.1875
-12.8750 12.1875 -11.5625 13.3125 -12.5625 11.7500 -12.5000 -11.1875 9.7500 -13.3750 8.5625 -8.5625 14.0000 -10.8125 -8.9375 -12.1250
0 0 0 0 0 0 0 0 0 0 0 0 0 0 0 0
0 0 0 0 0 0 0 0 0 0 0 0 0 0 0 0
0 0 0 0 0 0 0 0 0 0 0 0 0 0 0 0
0 0 0 0 0 0 0 0 0 0 0 0 0 0 0 0
0 0 0 0 0 0 0 0 0 0 0 0 0 0 0 0
0 0 0 0 0 0 0 0 0 0 0 0 0 0 0 0
0 0 0 0 0 0 0 0 0 0 0 0 0 0 0 0
0 0 0 0 0 0 0 0 0 0 0 0 0 0 0 0
0 0 0 0 0 0 0 0 0 0 0 0 0 0 0 0
0 0 0 0 0 0 0 0 0 0 0 0 0 0 0 0
0 0 0 0 0 0 0 0 0 0 0 0 0 0 0 0
0 0 0 0 0 0 0 0 0 0 0 0 0 0 0 0
0 0 0 0 0 0 0 0 0 0 0 0 0 0 0 0
0 0 0 0 0 0 0 0 0 0 0 0 0 0 0 0
0 0 0 0 0 0 0 0 0 0 0 0 0 0 0 0
0 0 0 0 0 0 0 0 0 0 0 0 0 0 0 0
0 0 0 0 0 0 0 0 0 0 0 0 0 0 0 0
0 0 0 0 0 0 0 0 0 0 0 0 0 0 0 0
0 0 0 0 0 0 0 0 0 0 0 0 0 0 0 0
0 0 0 0 0 0 0 0 0 0 0 0 0 0 0 0
0 0 0 0 0 0 0 0 0 0 0 0 0 0 0 0
0 0 0 0 0 0 0 0 0 0 0 0 0 0 0 0
0 0 0 0 0 0 0 0 0 0 0 0 0 0 0 0
0 0 0 0 0 0 0 0 0 0 0 0 0 0 0 0
79 128
-12.2500 -7.2500 -8.3750 -8.0000 8.5625 10.8125 8.1250 -9.1250 -12.3125 -9.3125 -12.5000 9.4375 10.2500 13.4375 7.5000 10.8750
-10.8750 11.3750 -12.4375 -11.8750 -7.4375 -12.1250 -14.5000 -7.3750 10.1250 -9.5000 -10.0000 -9.8750 -7.7500 11.3750 10.9375 -10.2500
-12.0625 -7.0625 11.3125 -9.4375 -9.9375 11.8750 6.3750 -12.0625 10.1875 -5.1875 -8.5625 -9.7500 7.9375 -11.9375 6.5625 -8.5000
8.4375 -10.0625 -11.6875 9.8125 9.5625 -9.6875 -8.1250 -7.7500 9.1250 9.1250 9.8750 -9.3750 -13.1250 -7.7500 10.5625 7.3125
-10.6250 -9.2500 -10.0000 -12.0625 11.5625 -8.3750 -7.8750 -11.6875 11.0000 -12.5000 10.5000 -7.2500 -6.6250 12.6250 13.3125 -7.5625
11.1250 7.2500 11.6875 -9.6250 13.5000 10.3125 11.3750 -10.3750 12.8750 -8.3125 -11.3750 8.1250 8.6875 -13.8125 -11.0000 -8.8125
10.0000 10.2500 -9.0625 7.1875 8.6875 -8.0625 -10.3750 7.2500 -12.1250 -12.0625 8.8125 10.1875 -12.1875 10.3125 -9.8750 8.5000
9.5000 8.3750 -9.3125 -10.6250 9.6875 8.3125 -6.5625 -12.6250 7.4375 8.5000 8.0625 10.3125 6.0625 -8.3750 -10.5000 -9.0000
0 0 0 0 0 0 0 0 0 0 0 0 0 0 0 0
0 0 0 0 0 0 0 0 0 0 0 0 0 0 0 0
0 0 0 0 0 0 0 0 0 0 0 0 0 0 0 0
0 0 0 0 0 0 0 0 0 0 0 0 0 0 0 0
0 0 0 0 0 0 0 0 0 0 0 0 0 0 0 0
0 0 0 0 0 0 0 0 0 0 0 0 0 0 0 0
0 0 0 0 0 0 0 0 0 0 0 0 0 0 0 0
0 0 0 0 0 0 0 0 0 0 0 0 0 0 0 0
0 0 0 0 0 0 0 0 0 0 0 0 0 0 0 0
0 0 0 0 0 0 0 0 0 0 0 0 0 0 0 0
0 0 0 0 0 0 0 0 0 0 0 0 0 0 0 0
0 0 0 0 0 0 0 0 0 0 0 0 0 0 0 0
0 0 0 0 0 0 0 0 0 0 0 0 0 0 0 0
0 0 0 0 0 0 0 0 0 0 0 0 0 0 0 0
0 0 0 0 0 0 0 0 0 0 0 0 0 0 0 0
0 0 0 0 0 0 0 0 0 0 0 0 0 0 0 0
0 0 0 0 0 0 0 0 0 0 0 0 0 0 0 0
0 0 0 0 0 0 0 0 0 0 0 0 0 0 0 0
0 0 0 0 0 0 0 0 0 0 0 0 0 0 0 0
0 0 0 0 0 0 0 0 0 0 0 0 0 0 0 0
0 0 0 0 0 0 0 0 0 0 0 0 0 0 0 0
0 0 0 0 0 0 0 0 0 0 0 0 0 0 0 0
0 0 0 0 0 0 0 0 0 0 0 0 0 0 0 0
0 0 0 0 0 0 0 0 0 0 0 0 0 0 0 0
79 128
-9.4375 -11.5000 -16.0000 -11.4375 13.9375 11.9375 11.5625 -14.9375 -12.8750 -7.9375 -10.8125 9.4375 14.1250 12.8750 17.6875 13.2500
-11.1875 14.3125 -11.1250 -12.6875 -12.3750 -10.8125 -11.3125 -13.6875 15.5625 -12.0000 -13.3125 -12.4375 -9.9375 13.1250 14.6250 -11.1250
-12.3125 -11.3125 14.4375 -8.5000 -13.0000 13.5625 14.9375 -12.0625 10.6875 -12.6250 -14.5000 -9.9375 10.3125 -13.2500 13.5000 -9.3125
10.1250 -14.0000 -13.4375 15.1875 13.0625 -10.0625 -11.8125 -11.4375 14.0000 13.9375 11.2500 -11.3125 -14.7500 -13.7500 14.5000 13.8750
-11.1875 -10.7500 -11.0000 -15.5000 12.3750 -12.6875 -12.8750 -14.0000 11.9375 -15.8125 11.2500 -12.6875 -13.3125 9.9375 14.1250 -11.5000
11.8125 12.7500 13.0625 -10.3125 12.4375 10.6875 13.0625 -10.7500 10.6875 -11.0625 -12.1250 14.5000 13.9375 -13.3750 -13.6875 -12.9375
14.6250 17.5625 -11.6250 14.0625 14.5625 -13.1250 -13.4375 13.3125 -13.4375 -10.1250 12.6250 12.8750 -14.0000 12.3125 -13.0000 16.5625
11.0625 14.2500 -12.0625 -9.4375 17.6250 13.5000 -14.1875 -13.1250 11.5000 13.1250 13.2500 13.6250 11.3125 -10.3125 -13.2500 -8.9375
0 0 0 0 0 0 0 0 0 0 0 0 0 0 0 0
0 0 0 0 0 0 0 0 0 0 0 0 0 0 0 0
0 0 0 0 0 0 0 0 0 0 0 0 0 0 0 0
0 0 0 0 0 0 0 0 0 0 0 0 0 0 0 0
0 0 0 0 0 0 0 0 0 0 0 0 0 0 0 0
0 0 0 0 0 0 0 0 0 0 0 0 0 0 0 0
0 0 0 0 0 0 0 0 0 0 0 0 0 0 0 0
0 0 0 0 0 0 0 0 0 0 0 0 0 0 0 0
0 0 0 0 0 0 0 0 0 0 0 0 0 0 0 0
0 0 0 0 0 0 0 0 0 0 0 0 0 0 0 0
0 0 0 0 0 0 0 0 0 0 0 0 0 0 0 0
0 0 0 0 0 0 0 0 0 0 0 0 0 0 0 0
0 0 0 0 0 0 0 0 0 0 0 0 0 0 0 0
0 0 0 0 0 0 0 0 0 0 0 0 0 0 0 0
0 0 0 0 0 0 0 0 0 0 0 0 0 0 0 0
0 0 0 0 0 0 0 0 0 0 0 0 0 0 0 0
0 0 0 0 0 0 0 0 0 0 0 0 0 0 0 0
0 0 0 0 0 0 0 0 0 0 0 0 0 0 0 0
0 0 0 0 0 0 0 0 0 0 0 0 0 0 0 0
0 0 0 0 0 0 0 0 0 0 0 0 0 0 0 0
0 0 0 0 0 0 0 0 0 0 0 0 0 0 0 0
0 0 0 0 0 0 0 0 0 0 0 0 0 0 0 0
0 0 0 0 0 0 0 0 0 0 0 0 0 0 0 0
0 0 0 0 0 0 0 0 0 0 0 0 0 0 0 0
80 128
-9.6250 -13.3750 10.2500 10.0625 11.7500 8.3125 -9.1250 6.9375 10.3125 7.9375 9.1250 10.6875 10.0625 12.0000 11.7500 -12.0625
9.6875 -11.7500 -9.1875 -8.5625 8.2500 7.2500 11.2500 -10.9375 -9.5625 -11.0000 -10.8750 -14.0000 -13.1250 -10.8750 10.9375 10.6875
9.9375 10.9375 -12.0000 -10.6875 -11.5625 -8.0000 -11.7500 -12.9375 -12.7500 -10.7500 -9.9375 8.1250 -8.4375 11.8750 -10.1250 -8.9375
12.1250 -11.3750 13.0625 10.4375 -13.3750 8.5000 9.8750 -8.6250 8.6875 9.3750 -9.1250 8.6250 -11.8750 -12.5625 8.5625 11.1875
-7.9375 -10.8750 9.0625 9.1875 10.5625 9.0625 10.8125 10.7500 8.5625 -9.0000 9.9375 8.8750 -7.3125 11.4375 -13.0625 -10.6250
-10.3750 -9.3125 10.2500 -10.3750 -11.3750 12.5625 8.5625 -10.1250 7.6250 8.3125 7.8125 -8.7500 7.9375 9.3125 -7.9375 -10.5625
-9.1250 -11.3125 7.8750 6.7500 10.6875 -8.8750 9.8125 11.1250 9.8125 -12.6875 9.3125 -9.8125 -11.9375 11.3750 -10.1875 -10.3750
10.6875 9.6875 13.0000 -12.0000 -10.1250 8.1875 -9.8125 -7.7500 7.1875 8.8125 -10.9375 -7.3125 -11.8125 10.1875 -9.0000 6.1250
0 0 0 0 0 0 0 0 0 0 0 0 0 0 0 0
0 0 0 0 0 0 0 0 0 0 0 0 0 0 0 0
0 0 0 0 0 0 0 0 0 0 0 0 0 0 0 0
0 0 0 0 0 0 0 0 0 0 0 0 0 0 0 0
0 0 0 0 0 0 0 0 0 0 0 0 0 0 0 0
0 0 0 0 0 0 0 0 0 0 0 0 0 0 0 0
0 0 0 0 0 0 0 0 0 0 0 0 0 0 0 0
0 0 0 0 0 0 0 0 0 0 0 0 0 0 0 0
0 0 0 0 0 0 0 0 0 0 0 0 0 0 0 0
0 0 0 0 0 0 0 0 0 0 0 0 0 0 0 0
0 0 0 0 0 0 0 0 0 0 0 0 0 0 0 0
0 0 0 0 0 0 0 0 0 0 0 0 0 0 0 0
0 0 0 0 0 0 0 0 0 0 0 0 0 0 0 0
0 0 0 0 0 0 0 0 0 0 0 0 0 0 0 0
0 0 0 0 0 0 0 0 0 0 0 0 0 0 0 0
0 0 0 0 0 0 0 0 0 0 0 0 0 0 0 0
0 0 0 0 0 0 0 0 0 0 0 0 0 0 0 0
0 0 0 0 0 0 0 0 0 0 0 0 0 0 0 0
0 0 0 0 0 0 0 0 0 0 0 0 0 0 0 0
0 0 0 0 0 0 0 0 0 0 0 0 0 0 0 0
0 0 0 0 0 0 0 0 0 0 0 0 0 0 0 0
0 0 0 0 0 0 0 0 0 0 0 0 0 0 0 0
0 0 0 0 0 0 0 0 0 0 0 0 0 0 0 0
0 0 0 0 0 0 0 0 0 0 0 0 0 0 0 0
80 128
-14.5625 -13.8750 12.4375 16.1250 15.3125 11.5625 -9.3750 10.4375 13.0625 15.0000 12.5000 11.4375 13.4375 12.6875 10.9375 -12.4375
14.7500 -11.8750 -13.3750 -14.0000 13.6875 10.6250 12.8750 -14.3125 -13.8750 -13.0000 -10.6875 -12.4375 -14.1875 -13.0000 9.3125 11.1250
15.0625 11.3750 -14.0000 -9.4375 -13.1250 -12.8125 -9.1875 -11.1250 -13.7500 -14.5000 -10.8750 7.6875 -14.8125 17.6875 -9.3750 -13.7500
11.8750 -16.6250 12.2500 13.4375 -11.8750 11.3125 13.8750 -11.6250 12.3125 9.6875 -11.0000 11.2500 -13.5000 -13.9375 11.3750 15.1250
-11.3750 -11.7500 15.1250 16.9375 10.8125 9.2500 10.8125 13.4375 11.1250 -14.9375 15.0625 12.6250 -9.1875 15.4375 -11.1250 -15.3125
-12.6250 -12.7500 10.1875 -11.4375 -11.1250 12.5000 13.9375 -11.3125 14.6875 12.3125 11.8125 -12.6250 13.0625 16.0625 -10.6875 -12.4375
-11.1250 -12.8750 9.6875 10.1250 14.6250 -9.6875 10.6250 13.6250 11.5625 -13.9375 9.3125 -10.0625 -12.6250 13.6250 -9.9375 -8.8125
13.6875 12.3125 11.6250 -8.7500 -13.2500 12.8125 -13.0000 -9.9375 14.6250 16.3125 -12.1250 -15.1875 -13.1875 12.2500 -11.8750 14.6250
0 0 0 0 0 0 0 0 0 0 0 0 0 0 0 0
0 0 0 0 0 0 0 0 0 0 0 0 0 0 0 0
0 0 0 0 0 0 0 0 0 0 0 0 0 0 0 0
0 0 0 0 0 0 0 0 0 0 0 0 0 0 0 0
0 0 0 0 0 0 0 0 0 0 0 0 0 0 0 0
0 0 0 0 0 0 0 0 0 0 0 0 0 0 0 0
0 0 0 0 0 0 0 0 0 0 0 0 0 0 0 0
0 0 0 0 0 0 0 0 0 0 0 0 0 0 0 0
0 0 0 0 0 0 0 0 0 0 0 0 0 0 0 0
0 0 0 0 0 0 0 0 0 0 0 0 0 0 0 0
0 0 0 0 0 0 0 0 0 0 0 0 0 0 0 0
0 0 0 0 0 0 0 0 0 0 0 0 0 0 0 0
0 0 0 0 0 0 0 0 0 0 0 0 0 0 0 0
0 0 0 0 0 0 0 0 0 0 0 0 0 0 0 0
0 0 0 0 0 0 0 0 0 0 0 0 0 0 0 0
0 0 0 0 0 0 0 0 0 0 0 0 0 0 0 0
0 0 0 0 0 0 0 0 0 0 0 0 0 0 0 0
0 0 0 0 0 0 0 0 0 0 0 0 0 0 0 0
0 0 0 0 0 0 0 0 0 0 0 0 0 0 0 0
0 0 0 0 0 0 0 0 0 0 0 0 0 0 0 0
0 0 0 0 0 0 0 0 0 0 0 0 0 0 0 0
0 0 0 0 0 0 0 0 0 0 0 0 0 0 0 0
0 0 0 0 0 0 0 0 0 0 0 0 0 0 0 0
0 0 0 0 0 0 0 0 0 0 0 0 0 0 0 0
81 128
-9.3125 11.0000 -9.6875 -8.8750 9.3750 7.5625 10.6875 9.9375 8.8750 -10.8125 9.1875 9.7500 -10.7500 -7.0625 -9.6250 5.6250
7.1875 -8.8750 12.8750 8.1875 8.8125 11.5625 -11.0000 -7.1875 -12.1875 13.4375 -14.5625 -5.8750 -13.0000 -10.3750 10.6875 9.0625
9.6875 10.5625 11.0000 -12.2500 8.6875 -11.3125 -8.6875 -12.0625 9.3125 8.6250 12.0625 -8.4375 12.7500 -11.5625 -10.3750 -10.8750
9.4375 -11.0000 -10.1250 12.8750 -13.5000 10.3125 -8.7500 9.6250 6.9375 8.2500 -8.7500 14.3750 -11.2500 -9.0000 -7.8750 -8.8750
-12.0000 -9.8125 10.1250 -7.8750 10.1875 7.4375 10.5000 13.1875 10.8750 7.6875 -8.4375 9.8750 -11.6875 12.6875 -6.0625 -10.0625
9.7500 -10.9375 -11.3125 13.2500 6.5000 -8.0000 -9.8750 10.8125 -12.5000 7.0625 8.8125 -12.3125 -8.0000 -12.0625 8.5000 8.1250
9.6875 -9.6875 12.1250 8.9375 8.3125 11.3125 10.0625 -11.1250 12.5625 -11.5625 10.2500 9.4375 8.5000 -9.8750 11.1875 10.5000
9.0000 -11.5000 -10.0625 -7.5000 -11.0625 11.5625 10.3125 -8.8125 9.8750 10.4375 -8.3125 -9.1875 -9.3125 9.7500 10.1250 -6.0000
0 0 0 0 0 0 0 0 0 0 0 0 0 0 0 0
0 0 0 0 0 0 0 0 0 0 0 0 0 0 0 0
0 0 0 0 0 0 0 0 0 0 0 0 0 0 0 0
0 0 0 0 0 0 0 0 0 0 0 0 0 0 0 0
0 0 0 0 0 0 0 0 0 0 0 0 0 0 0 0
0 0 0 0 0 0 0 0 0 0 0 0 0 0 0 0
0 0 0 0 0 0 0 0 0 0 0 0 0 0 0 0
0 0 0 0 0 0 0 0 0 0 0 0 0 0 0 0
0 0 0 0 0 0 0 0 0 0 0 0 0 0 0 0
0 0 0 0 0 0 0 0 0 0 0 0 0 0 0 0
0 0 0 0 0 0 0 0 0 0 0 0 0 0 0 0
0 0 0 0 0 0 0 0 0 0 0 0 0 0 0 0
0 0 0 0 0 0 0 0 0 0 0 0 0 0 0 0
0 0 0 0 0 0 0 0 0 0 0 0 0 0 0 0
0 0 0 0 0 0 0 0 0 0 0 0 0 0 0 0
0 0 0 0 0 0 0 0 0 0 0 0 0 0 0 0
0 0 0 0 0 0 0 0 0 0 0 0 0 0 0 0
0 0 0 0 0 0 0 0 0 0 0 0 0 0 0 0
0 0 0 0 0 0 0 0 0 0 0 0 0 0 0 0
0 0 0 0 0 0 0 0 0 0 0 0 0 0 0 0
0 0 0 0 0 0 0 0 0 0 0 0 0 0 0 0
0 0 0 0 0 0 0 0 0 0 0 0 0 0 0 0
0 0 0 0 0 0 0 0 0 0 0 0 0 0 0 0
0 0 0 0 0 0 0 0 0 0 0 0 0 0 0 0
81 128
-14.1875 13.8125 -13.3125 -13.5625 11.0625 9.7500 9.8125 13.3750 11.0625 -11.0625 11.0625 15.3750 -10.0625 -12.5625 -14.1875 12.6250
11.6875 -15.0625 14.7500 13.0000 13.7500 13.5625 -8.4375 -14.0625 -13.3750 11.8750 -13.3750 -15.0000 -12.8750 -13.3125 13.1250 11.6875
13.8750 13.0000 14.2500 -14.3125 9.6875 -9.8125 -14.7500 -12.4375 11.3125 13.6250 14.8750 -13.6250 13.0000 -11.8125 -13.3125 -14.0000
10.3750 -11.5000 -13.7500 11.3750 -12.3125 15.2500 -11.0000 13.8125 12.6250 11.0625 -11.6875 13.1875 -11.2500 -14.3750 -11.4375 -11.1875
-13.8125 -14.2500 14.4375 -10.8750 11.8125 11.1875 12.1875 11.5000 12.4375 11.4375 -14.6875 13.3750 -11.6250 13.0625 -9.1250 -10.8125
11.0625 -13.4375 -11.1250 11.8750 12.2500 -14.5000 -12.1875 11.6875 -13.6250 11.7500 12.7500 -13.1875 -14.1250 -9.6250 15.3750 11.5625
14.5000 -10.5000 14.2500 14.1250 10.5625 14.0625 16.0000 -13.8750 10.8125 -10.7500 15.8125 13.1250 10.7500 -14.5625 13.1250 11.3125
11.1875 -10.5000 -12.0625 -9.6875 -13.8125 11.1875 12.6250 -13.8750 11.1250 14.3750 -12.7500 -14.3125 -13.5000 12.9375 10.7500 -10.6250
0 0 0 0 0 0 0 0 0 0 0 0 0 0 0 0
0 0 0 0 0 0 0 0 0 0 0 0 0 0 0 0
0 0 0 0 0 0 0 0 0 0 0 0 0 0 0 0
0 0 0 0 0 0 0 0 0 0 0 0 0 0 0 0
0 0 0 0 0 0 0 0 0 0 0 0 0 0 0 0
0 0 0 0 0 0 0 0 0 0 0 0 0 0 0 0
0 0 0 0 0 0 0 0 0 0 0 0 0 0 0 0
0 0 0 0 0 0 0 0 0 0 0 0 0 0 0 0
0 0 0 0 0 0 0 0 0 0 0 0 0 0 0 0
0 0 0 0 0 0 0 0 0 0 0 0 0 0 0 0
0 0 0 0 0 0 0 0 0 0 0 0 0 0 0 0
0 0 0 0 0 0 0 0 0 0 0 0 0 0 0 0
0 0 0 0 0 0 0 0 0 0 0 0 0 0 0 0
0 0 0 0 0 0 0 0 0 0 0 0 0 0 0 0
0 0 0 0 0 0 0 0 0 0 0 0 0 0 0 0
0 0 0 0 0 0 0 0 0 0 0 0 0 0 0 0
0 0 0 0 0 0 0 0 0 0 0 0 0 0 0 0
0 0 0 0 0 0 0 0 0 0 0 0 0 0 0 0
0 0 0 0 0 0 0 0 0 0 0 0 0 0 0 0
0 0 0 0 0 0 0 0 0 0 0 0 0 0 0 0
0 0 0 0 0 0 0 0 0 0 0 0 0 0 0 0
0 0 0 0 0 0 0 0 0 0 0 0 0 0 0 0
0 0 0 0 0 0 0 0 0 0 0 0 0 0 0 0
0 0 0 0 0 0 0 0 0 0 0 0 0 0 0 0
82 128
9.5625 5.1250 -7.5000 8.8125 11.1875 -10.6875 -11.7500 -9.3750 -9.2500 12.0000 -11.6250 9.1875 10.1250 -7.5625 -8.5625 12.3750
-12.4375 9.3125 9.0625 6.3125 6.0000 8.1875 -6.8125 10.9375 -5.9375 11.7500 9.1875 7.9375 -11.9375 12.6875 -7.1875 9.2500
-8.3125 -9.3125 -7.9375 -9.8750 -9.8750 -12.5625 12.6250 9.8125 -10.1875 -8.3750 11.1250 -11.9375 -10.3750 7.5000 -7.4375 -9.8125
9.9375 9.0000 -12.8750 -9.5000 11.3750 9.8750 -9.5000 9.3750 -11.0000 11.2500 9.8750 -13.0625 -9.1250 10.9375 -7.0625 8.5000
-11.8125 -11.0625 9.6250 -10.6875 -10.1250 -11.5000 10.5000 -9.4375 -8.4375 -10.6250 -9.7500 -6.3125 6.1250 -10.0625 -11.8750 -8.3125
7.8125 -11.3125 -8.9375 -7.5000 -10.0000 9.7500 -12.2500 11.7500 -10.4375 -8.5625 10.9375 -9.0625 -9.8125 9.3125 13.6875 -9.5000
-10.6250 -7.4375 -8.7500 -9.7500 -8.5000 8.4375 7.3125 -10.1875 -12.6875 7.8125 7.3750 7.0625 -11.9375 11.3750 -7.1875 8.5625
8.1250 7.7500 -10.5000 -10.1250 13.0625 -11.0000 9.9375 -10.2500 -10.0000 -8.5000 10.9375 10.6250 -10.0000 8.2500 8.0000 -11.8125
0 0 0 0 0 0 0 0 0 0 0 0 0 0 0 0
0 0 0 0 0 0 0 0 0 0 0 0 0 0 0 0
0 0 0 0 0 0 0 0 0 0 0 0 0 0 0 0
0 0 0 0 0 0 0 0 0 0 0 0 0 0 0 0
0 0 0 0 0 0 0 0 0 0 0 0 0 0 0 0
0 0 0 0 0 0 0 0 0 0 0 0 0 0 0 0
0 0 0 0 0 0 0 0 0 0 0 0 0 0 0 0
0 0 0 0 0 0 0 0 0 0 0 0 0 0 0 0
0 0 0 0 0 0 0 0 0 0 0 0 0 0 0 0
0 0 0 0 0 0 0 0 0 0 0 0 0 0 0 0
0 0 0 0 0 0 0 0 0 0 0 0 0 0 0 0
0 0 0 0 0 0 0 0 0 0 0 0 0 0 0 0
0 0 0 0 0 0 0 0 0 0 0 0 0 0 0 0
0 0 0 0 0 0 0 0 0 0 0 0 0 0 0 0
0 0 0 0 0 0 0 0 0 0 0 0 0 0 0 0
0 0 0 0 0 0 0 0 0 0 0 0 0 0 0 0
0 0 0 0 0 0 0 0 0 0 0 0 0 0 0 0
0 0 0 0 0 0 0 0 0 0 0 0 0 0 0 0
0 0 0 0 0 0 0 0 0 0 0 0 0 0 0 0
0 0 0 0 0 0 0 0 0 0 0 0 0 0 0 0
0 0 0 0 0 0 0 0 0 0 0 0 0 0 0 0
0 0 0 0 0 0 0 0 0 0 0 0 0 0 0 0
0 0 0 0 0 0 0 0 0 0 0 0 0 0 0 0
0 0 0 0 0 0 0 0 0 0 0 0 0 0 0 0
82 128
11.5000 14.0625 -14.5625 14.0000 13.1875 -11.3125 -11.1875 -12.6875 -11.9375 11.0625 -9.0000 12.3125 14.3125 -11.1250 -12.1250 11.1250
-10.8750 10.9375 11.1250 15.2500 13.3125 12.6875 -10.2500 14.6875 -10.7500 9.6250 12.9375 11.4375 -13.2500 13.8125 -10.0625 11.3125
-12.6250 -16.7500 -12.8750 -15.3125 -12.7500 -11.5000 12.4375 12.3750 -12.6875 -10.1250 14.0000 -15.2500 -11.8125 13.7500 -14.1250 -12.8125
11.6250 11.6875 -13.6250 -13.1250 12.9375 12.8125 -12.0625 13.3125 -15.3125 14.3125 14.1250 -10.6875 -11.6875 14.5625 -11.6250 11.8750
-11.3125 -15.9375 12.7500 -10.1250 -10.8125 -13.4375 15.1875 -14.2500 -15.6875 -14.1250 -12.3750 -9.2500 12.1875 -11.0625 -14.4375 -12.9375
11.9375 -15.6250 -13.2500 -9.3750 -12.1250 13.8750 -11.6250 9.6250 -13.7500 -14.3750 11.2500 -11.7500 -11.6250 10.6875 12.6875 -12.2500
-12.8125 -13.4375 -15.6250 -10.5000 -12.1250 11.3750 12.9375 -10.5000 -14.5625 15.0000 12.6250 12.3125 -12.3125 13.6250 -15.5625 13.4375
13.3125 13.2500 -10.6250 -16.0000 12.0000 -12.2500 14.0625 -14.1250 -12.7500 -11.0000 12.3750 13.3750 -11.6875 12.6875 15.6875 -13.2500
0 0 0 0 0 0 0 0 0 0 0 0 0 0 0 0
0 0 0 0 0 0 0 0 0 0 0 0 0 0 0 0
0 0 0 0 0 0 0 0 0 0 0 0 0 0 0 0
0 0 0 0 0 0 0 0 0 0 0 0 0 0 0 0
0 0 0 0 0 0 0 0 0 0 0 0 0 0 0 0
0 0 0 0 0 0 0 0 0 0 0 0 0 0 0 0
0 0 0 0 0 0 0 0 0 0 0 0 0 0 0 0
0 0 0 0 0 0 0 0 0 0 0 0 0 0 0 0
0 0 0 0 0 0 0 0 0 0 0 0 0 0 0 0
0 0 0 0 0 0 0 0 0 0 0 0 0 0 0 0
0 0 0 0 0 0 0 0 0 0 0 0 0 0 0 0
0 0 0 0 0 0 0 0 0 0 0 0 0 0 0 0
0 0 0 0 0 0 0 0 0 0 0 0 0 0 0 0
0 0 0 0 0 0 0 0 0 0 0 0 0 0 0 0
0 0 0 0 0 0 0 0 0 0 0 0 0 0 0 0
0 0 0 0 0 0 0 0 0 0 0 0 0 0 0 0
0 0 0 0 0 0 0 0 0 0 0 0 0 0 0 0
0 0 0 0 0 0 0 0 0 0 0 0 0 0 0 0
0 0 0 0 0 0 0 0 0 0 0 0 0 0 0 0
0 0 0 0 0 0 0 0 0 0 0 0 0 0 0 0
0 0 0 0 0 0 0 0 0 0 0 0 0 0 0 0
0 0 0 0 0 0 0 0 0 0 0 0 0 0 0 0
0 0 0 0 0 0 0 0 0 0 0 0 0 0 0 0
0 0 0 0 0 0 0 0 0 0 0 0 0 0 0 0
83 128
-11.8750 9.2500 8.3750 10.3125 -8.7500 5.5000 9.3750 13.1250 11.2500 -8.6250 -14.0625 13.7500 9.7500 7.5625 -8.8125 -10.6250
13.4375 -11.3125 7.0625 9.4375 -13.0625 12.9375 7.8125 -9.2500 -11.1875 -10.6250 -9.6250 -11.4375 -10.6250 -12.1250 8.8750 12.0000
-10.3125 11.7500 10.9375 -8.9375 -9.3750 -8.5000 -10.1875 10.3125 -12.8125 -8.5625 -6.9375 -8.5625 -12.3750 10.5625 -10.5000 11.3750
-10.7500 -12.6250 -11.4375 -9.4375 -9.3125 -8.6875 12.4375 9.4375 14.3750 -13.6875 9.3750 8.1250 -11.2500 13.6250 -8.9375 -7.2500
-10.8750 -13.5000 -10.2500 8.5000 -8.4375 11.6875 12.3750 11.9375 9.5000 10.4375 8.3125 8.7500 -9.1250 -12.6250 10.0625 -11.3750
12.1875 -9.6250 -13.5000 -11.7500 -13.8125 -6.6875 10.6250 10.6875 -11.3125 -10.6250 9.0625 12.1250 -9.8125 9.3125 8.3750 10.3750
-11.2500 -11.0000 8.8750 10.8125 -8.5000 10.1875 -9.0000 -10.3125 -10.5625 11.3125 -7.4375 10.1250 9.5625 12.1875 8.8125 -11.6875
-9.1875 -7.3750 -10.1250 -9.0625 -10.2500 -8.8750 -11.1875 -9.5625 10.5000 -11.9375 9.7500 8.6250 -8.0000 9.1250 7.8750 -8.8750
0 0 0 0 0 0 0 0 0 0 0 0 0 0 0 0
0 0 0 0 0 0 0 0 0 0 0 0 0 0 0 0
0 0 0 0 0 0 0 0 0 0 0 0 0 0 0 0
0 0 0 0 0 0 0 0 0 0 0 0 0 0 0 0
0 0 0 0 0 0 0 0 0 0 0 0 0 0 0 0
0 0 0 0 0 0 0 0 0 0 0 0 0 0 0 0
0 0 0 0 0 0 0 0 0 0 0 0 0 0 0 0
0 0 0 0 0 0 0 0 0 0 0 0 0 0 0 0
0 0 0 0 0 0 0 0 0 0 0 0 0 0 0 0
0 0 0 0 0 0 0 0 0 0 0 0 0 0 0 0
0 0 0 0 0 0 0 0 0 0 0 0 0 0 0 0
0 0 0 0 0 0 0 0 0 0 0 0 0 0 0 0
0 0 0 0 0 0 0 0 0 0 0 0 0 0 0 0
0 0 0 0 0 0 0 0 0 0 0 0 0 0 0 0
0 0 0 0 0 0 0 0 0 0 0 0 0 0 0 0
0 0 0 0 0 0 0 0 0 0 0 0 0 0 0 0
0 0 0 0 0 0 0 0 0 0 0 0 0 0 0 0
0 0 0 0 0 0 0 0 0 0 0 0 0 0 0 0
0 0 0 0 0 0 0 0 0 0 0 0 0 0 0 0
0 0 0 0 0 0 0 0 0 0 0 0 0 0 0 0
0 0 0 0 0 0 0 0 0 0 0 0 0 0 0 0
0 0 0 0 0 0 0 0 0 0 0 0 0 0 0 0
0 0 0 0 0 0 0 0 0 0 0 0 0 0 0 0
0 0 0 0 0 0 0 0 0 0 0 0 0 0 0 0
83 128
-14.0625 13.3750 13.0625 11.4375 -11.6875 12.8125 15.8750 13.1250 11.7500 -10.7500 -12.4375 14.2500 11.6250 13.7500 -10.6875 -9.8125
12.8125 -13.6875 14.4375 17.8750 -13.1875 14.0000 12.8750 -14.3125 -10.0625 -10.8125 -13.4375 -13.0625 -12.3750 -10.6875 8.6250 12.5625
-14.8750 13.6875 11.4375 -16.5000 -14.6875 -13.1250 -12.3125 13.0625 -10.7500 -11.9375 -12.0000 -13.6250 -14.0000 10.6875 -14.8125 16.5000
-15.2500 -14.5000 -9.3125 -14.0000 -13.2500 -13.0625 11.1250 13.3750 12.2500 -10.8750 13.5000 9.9375 -13.9375 12.6875 -12.0000 -13.9375
-11.0000 -11.8750 -11.8750 13.0000 -15.1250 11.5000 10.1875 9.6875 13.6250 14.3750 11.7500 13.1250 -14.5625 -16.2500 11.8750 -13.7500
12.8125 -10.0000 -12.8125 -12.4375 -11.1250 -11.7500 12.4375 11.1875 -12.6875 -11.0000 12.2500 12.3125 -14.2500 14.0625 10.7500 14.8125
-11.3125 -8.1250 12.1250 11.4375 -12.8125 13.0625 -15.0625 -15.1250 -12.5000 9.6875 -12.0625 14.5625 10.3125 10.4375 11.5000 -11.2500
-11.9375 -11.1875 -10.0625 -13.1250 -12.5625 -15.1875 -12.3125 -14.0625 12.4375 -11.5625 13.0000 12.0625 -9.6250 15.8750 14.3750 -12.7500
0 0 0 0 0 0 0 0 0 0 0 0 0 0 0 0
0 0 0 0 0 0 0 0 0 0 0 0 0 0 0 0
0 0 0 0 0 0 0 0 0 0 0 0 0 0 0 0
0 0 0 0 0 0 0 0 0 0 0 0 0 0 0 0
0 0 0 0 0 0 0 0 0 0 0 0 0 0 0 0
0 0 0 0 0 0 0 0 0 0 0 0 0 0 0 0
0 0 0 0 0 0 0 0 0 0 0 0 0 0 0 0
0 0 0 0 0 0 0 0 0 0 0 0 0 0 0 0
0 0 0 0 0 0 0 0 0 0 0 0 0 0 0 0
0 0 0 0 0 0 0 0 0 0 0 0 0 0 0 0
0 0 0 0 0 0 0 0 0 0 0 0 0 0 0 0
0 0 0 0 0 0 0 0 0 0 0 0 0 0 0 0
0 0 0 0 0 0 0 0 0 0 0 0 0 0 0 0
0 0 0 0 0 0 0 0 0 0 0 0 0 0 0 0
0 0 0 0 0 0 0 0 0 0 0 0 0 0 0 0
0 0 0 0 0 0 0 0 0 0 0 0 0 0 0 0
0 0 0 0 0 0 0 0 0 0 0 0 0 0 0 0
0 0 0 0 0 0 0 0 0 0 0 0 0 0 0 0
0 0 0 0 0 0 0 0 0 0 0 0 0 0 0 0
0 0 0 0 0 0 0 0 0 0 0 0 0 0 0 0
0 0 0 0 0 0 0 0 0 0 0 0 0 0 0 0
0 0 0 0 0 0 0 0 0 0 0 0 0 0 0 0
0 0 0 0 0 0 0 0 0 0 0 0 0 0 0 0
0 0 0 0 0 0 0 0 0 0 0 0 0 0 0 0
84 128
9.5625 10.2500 -10.0625 10.9375 -9.4375 12.3125 -9.5625 -7.7500 9.0625 -11.4375 -6.0000 -11.3750 -8.0625 -8.6875 10.7500 10.0625
-11.9375 -9.6875 -14.3750 10.8125 10.5625 -8.1875 -9.6875 -10.1875 -7.8750 -9.6250 -13.1250 -12.2500 -10.5625 5.5625 8.9375 -7.7500
-10.9375 8.5000 8.1875 11.7500 7.0000 -15.1875 -10.2500 -7.3125 -11.2500 -11.0000 -7.8750 -9.5625 -11.4375 -8.1875 10.8750 -10.0000
11.3750 9.3750 10.0000 10.2500 9.6875 -10.3750 -7.8750 5.8750 -12.6250 -10.2500 9.5625 8.8125 -9.0000 9.3750 11.8750 -11.0000
9.5625 -11.0625 -12.8125 -7.8125 -8.8750 -9.6250 9.2500 -8.7500 -7.9375 -10.0625 10.1250 7.1875 10.6875 7.1250 -9.4375 -8.5625
6.9375 -9.4375 12.3125 13.1250 -11.1250 -7.7500 7.7500 7.7500 -10.0000 10.5625 -8.6250 -9.6250 -9.5000 7.2500 -11.8750 -10.9375
13.8125 13.4375 -8.6875 13.7500 -10.1875 -12.2500 -10.3750 13.0000 10.6250 -5.2500 10.6875 8.0625 9.6875 10.4375 11.6875 -9.4375
12.2500 -9.1250 9.9375 -10.0000 11.6250 9.7500 -11.3750 10.6250 -10.5625 12.4375 6.7500 9.1875 -13.8750 9.2500 8.5000 9.4375
0 0 0 0 0 0 0 0 0 0 0 0 0 0 0 0
0 0 0 0 0 0 0 0 0 0 0 0 0 0 0 0
0 0 0 0 0 0 0 0 0 0 0 0 0 0 0 0
0 0 0 0 0 0 0 0 0 0 0 0 0 0 0 0
0 0 0 0 0 0 0 0 0 0 0 0 0 0 0 0
0 0 0 0 0 0 0 0 0 0 0 0 0 0 0 0
0 0 0 0 0 0 0 0 0 0 0 0 0 0 0 0
0 0 0 0 0 0 0 0 0 0 0 0 0 0 0 0
0 0 0 0 0 0 0 0 0 0 0 0 0 0 0 0
0 0 0 0 0 0 0 0 0 0 0 0 0 0 0 0
0 0 0 0 0 0 0 0 0 0 0 0 0 0 0 0
0 0 0 0 0 0 0 0 0 0 0 0 0 0 0 0
0 0 0 0 0 0 0 0 0 0 0 0 0 0 0 0
0 0 0 0 0 0 0 0 0 0 0 0 0 0 0 0
0 0 0 0 0 0 0 0 0 0 0 0 0 0 0 0
0 0 0 0 0 0 0 0 0 0 0 0 0 0 0 0
0 0 0 0 0 0 0 0 0 0 0 0 0 0 0 0
0 0 0 0 0 0 0 0 0 0 0 0 0 0 0 0
0 0 0 0 0 0 0 0 0 0 0 0 0 0 0 0
0 0 0 0 0 0 0 0 0 0 0 0 0 0 0 0
0 0 0 0 0 0 0 0 0 0 0 0 0 0 0 0
0 0 0 0 0 0 0 0 0 0 0 0 0 0 0 0
0 0 0 0 0 0 0 0 0 0 0 0 0 0 0 0
0 0 0 0 0 0 0 0 0 0 0 0 0 0 0 0
84 128
13.6875 9.8750 -13.2500 14.1875 -12.1250 13.8750 -12.3750 -12.2500 12.1875 -12.1875 -11.4375 -14.0000 -16.4375 -12.5000 10.0625 15.9375
-12.1250 -11.6875 -11.4375 13.1250 14.6250 -12.1875 -15.5000 -12.6250 -12.7500 -10.1875 -13.1875 -7.3750 -14.2500 10.6875 13.5625 -14.6875
-12.9375 13.5000 13.5625 12.3125 11.0000 -11.1250 -12.3125 -12.3750 -12.0625 -12.6875 -13.3125 -11.6875 -13.5625 -14.2500 10.3125 -12.8750
10.9375 11.5625 13.5000 12.4375 9.4375 -9.9375 -15.6875 10.2500 -15.0000 -13.6250 12.4375 10.8750 -11.9375 13.8750 12.6875 -12.5000
12.6875 -12.4375 -9.2500 -11.9375 -12.0000 -13.6250 11.5625 -11.6250 -13.8750 -12.2500 12.1875 10.7500 13.1250 10.3125 -12.3125 -11.3750
11.2500 -10.9375 11.6875 13.1875 -11.0000 -12.6875 12.9375 12.6250 -12.8750 13.4375 -12.4375 -13.6875 -14.6875 11.6250 -12.9375 -13.8125
9.6875 15.0625 -10.6250 13.1250 -12.7500 -13.0000 -12.6250 17.6250 12.2500 -9.9375 11.7500 13.9375 14.8750 12.0625 10.1250 -12.9375
10.6250 -10.4375 15.3125 -15.8750 13.6875 13.1875 -13.6875 11.7500 -15.5625 15.6250 11.6875 15.6250 -12.3750 11.2500 11.9375 13.7500
0 0 0 0 0 0 0 0 0 0 0 0 0 0 0 0
0 0 0 0 0 0 0 0 0 0 0 0 0 0 0 0
0 0 0 0 0 0 0 0 0 0 0 0 0 0 0 0
0 0 0 0 0 0 0 0 0 0 0 0 0 0 0 0
0 0 0 0 0 0 0 0 0 0 0 0 0 0 0 0
0 0 0 0 0 0 0 0 0 0 0 0 0 0 0 0
0 0 0 0 0 0 0 0 0 0 0 0 0 0 0 0
0 0 0 0 0 0 0 0 0 0 0 0 0 0 0 0
0 0 0 0 0 0 0 0 0 0 0 0 0 0 0 0
0 0 0 0 0 0 0 0 0 0 0 0 0 0 0 0
0 0 0 0 0 0 0 0 0 0 0 0 0 0 0 0
0 0 0 0 0 0 0 0 0 0 0 0 0 0 0 0
0 0 0 0 0 0 0 0 0 0 0 0 0 0 0 0
0 0 0 0 0 0 0 0 0 0 0 0 0 0 0 0
0 0 0 0 0 0 0 0 0 0 0 0 0 0 0 0
0 0 0 0 0 0 0 0 0 0 0 0 0 0 0 0
0 0 0 0 0 0 0 0 0 0 0 0 0 0 0 0
0 0 0 0 0 0 0 0 0 0 0 0 0 0 0 0
0 0 0 0 0 0 0 0 0 0 0 0 0 0 0 0
0 0 0 0 0 0 0 0 0 0 0 0 0 0 0 0
0 0 0 0 0 0 0 0 0 0 0 0 0 0 0 0
0 0 0 0 0 0 0 0 0 0 0 0 0 0 0 0
0 0 0 0 0 0 0 0 0 0 0 0 0 0 0 0
0 0 0 0 0 0 0 0 0 0 0 0 0 0 0 0
85 128
11.0000 10.9375 10.3750 7.1250 -9.1250 11.6875 7.2500 12.6875 7.8750 12.4375 -9.8750 9.7500 8.4375 -10.7500 10.8750 8.1875
11.3125 -10.4375 8.8125 9.8750 6.7500 -7.6875 -7.5000 7.4375 -10.8125 8.6250 8.1875 -5.3750 -7.0000 7.5625 13.6250 9.3125
11.3750 -10.0000 -11.3125 11.5625 -10.8750 -13.0000 11.3125 -10.3750 10.1250 9.0625 -10.5625 10.9375 -8.8750 -9.3750 10.5000 -8.5625
8.3750 9.5625 -11.1875 -8.6250 -9.2500 8.6250 -10.3125 -8.5625 11.1250 10.1250 10.0000 9.2500 12.5625 10.2500 11.3125 -8.7500
-10.1875 -9.3125 -11.1250 -7.6875 9.3750 -6.0000 11.2500 9.4375 -11.3750 6.3750 8.0625 8.2500 10.5000 -9.0625 11.8125 11.0000
-11.8125 -11.4375 -9.5625 8.1875 -9.7500 -9.3125 9.3125 -11.3750 9.5000 -6.8750 -7.8125 13.4375 11.0625 13.1250 6.5000 10.4375
8.2500 -9.8125 -10.3125 10.0000 -8.7500 -7.8125 -9.5000 11.5625 9.4375 -8.8125 -8.9375 -5.0000 10.4375 11.5625 9.1250 -10.3750
11.1875 -8.2500 -10.6875 10.9375 -11.1250 -9.6875 -7.1250 -8.9375 11.1875 8.7500 8.8750 12.5625 9.3125 -12.8750 10.6250 -10.7500
0 0 0 0 0 0 0 0 0 0 0 0 0 0 0 0
0 0 0 0 0 0 0 0 0 0 0 0 0 0 0 0
0 0 0 0 0 0 0 0 0 0 0 0 0 0 0 0
0 0 0 0 0 0 0 0 0 0 0 0 0 0 0 0
0 0 0 0 0 0 0 0 0 0 0 0 0 0 0 0
0 0 0 0 0 0 0 0 0 0 0 0 0 0 0 0
0 0 0 0 0 0 0 0 0 0 0 0 0 0 0 0
0 0 0 0 0 0 0 0 0 0 0 0 0 0 0 0
0 0 0 0 0 0 0 0 0 0 0 0 0 0 0 0
0 0 0 0 0 0 0 0 0 0 0 0 0 0 0 0
0 0 0 0 0 0 0 0 0 0 0 0 0 0 0 0
0 0 0 0 0 0 0 0 0 0 0 0 0 0 0 0
0 0 0 0 0 0 0 0 0 0 0 0 0 0 0 0
0 0 0 0 0 0 0 0 0 0 0 0 0 0 0 0
0 0 0 0 0 0 0 0 0 0 0 0 0 0 0 0
0 0 0 0 0 0 0 0 0 0 0 0 0 0 0 0
0 0 0 0 0 0 0 0 0 0 0 0 0 0 0 0
0 0 0 0 0 0 0 0 0 0 0 0 0 0 0 0
0 0 0 0 0 0 0 0 0 0 0 0 0 0 0 0
0 0 0 0 0 0 0 0 0 0 0 0 0 0 0 0
0 0 0 0 0 0 0 0 0 0 0 0 0 0 0 0
0 0 0 0 0 0 0 0 0 0 0 0 0 0 0 0
0 0 0 0 0 0 0 0 0 0 0 0 0 0 0 0
0 0 0 0 0 0 0 0 0 0 0 0 0 0 0 0
85 128
12.1875 14.1875 16.1250 13.6250 -12.5625 14.6250 12.6250 12.6875 11.2500 11.8125 -12.2500 13.7500 12.0000 -14.0000 13.1875 11.8125
13.3125 -14.5625 11.5000 11.9375 10.8125 -10.5625 -10.3750 12.9375 -10.5625 13.6875 9.7500 -12.1875 -11.6875 9.9375 14.7500 11.6875
12.6250 -12.5625 -11.0000 14.0000 -13.1250 -14.1250 11.5000 -13.0625 13.1250 12.4375 -10.4375 17.2500 -14.4375 -10.4375 11.8750 -14.5000
10.5000 11.1875 -13.3125 -11.9375 -13.3750 11.9375 -15.1250 -11.2500 13.6875 12.1250 11.8125 12.6875 12.1250 12.5000 10.7500 -11.6250
-14.3750 -11.0625 -12.0625 -11.6250 12.8750 -10.1875 10.3750 11.8750 -12.6875 13.3125 13.0000 13.3125 11.3750 -14.4375 13.4375 12.9375
-8.7500 -11.0000 -10.6875 14.9375 -13.1875 -12.5625 11.5000 -11.2500 11.8125 -9.3125 -12.9375 10.9375 12.4375 10.4375 15.0625 14.9375
12.6250 -12.2500 -15.5625 14.0000 -11.8125 -14.6250 -12.6250 13.1250 12.5000 -14.1875 -12.6875 -17.6875 13.3750 11.9375 12.5625 -11.6875
15.0625 -16.3125 -13.6250 11.8125 -13.5625 -9.6875 -12.8125 -13.0625 11.6250 12.1875 13.1250 14.7500 9.9375 -14.1250 9.8125 -11.9375
0 0 0 0 0 0 0 0 0 0 0 0 0 0 0 0
0 0 0 0 0 0 0 0 0 0 0 0 0 0 0 0
0 0 0 0 0 0 0 0 0 0 0 0 0 0 0 0
0 0 0 0 0 0 0 0 0 0 0 0 0 0 0 0
0 0 0 0 0 0 0 0 0 0 0 0 0 0 0 0
0 0 0 0 0 0 0 0 0 0 0 0 0 0 0 0
0 0 0 0 0 0 0 0 0 0 0 0 0 0 0 0
0 0 0 0 0 0 0 0 0 0 0 0 0 0 0 0
0 0 0 0 0 0 0 0 0 0 0 0 0 0 0 0
0 0 0 0 0 0 0 0 0 0 0 0 0 0 0 0
0 0 0 0 0 0 0 0 0 0 0 0 0 0 0 0
0 0 0 0 0 0 0 0 0 0 0 0 0 0 0 0
0 0 0 0 0 0 0 0 0 0 0 0 0 0 0 0
0 0 0 0 0 0 0 0 0 0 0 0 0 0 0 0
0 0 0 0 0 0 0 0 0 0 0 0 0 0 0 0
0 0 0 0 0 0 0 0 0 0 0 0 0 0 0 0
0 0 0 0 0 0 0 0 0 0 0 0 0 0 0 0
0 0 0 0 0 0 0 0 0 0 0 0 0 0 0 0
0 0 0 0 0 0 0 0 0 0 0 0 0 0 0 0
0 0 0 0 0 0 0 0 0 0 0 0 0 0 0 0
0 0 0 0 0 0 0 0 0 0 0 0 0 0 0 0
0 0 0 0 0 0 0 0 0 0 0 0 0 0 0 0
0 0 0 0 0 0 0 0 0 0 0 0 0 0 0 0
0 0 0 0 0 0 0 0 0 0 0 0 0 0 0 0
86 128
-8.5625 -9.6250 10.1875 -9.4375 -12.1875 8.8750 -11.1875 12.3750 -10.9375 -14.3125 -10.9375 8.5000 -9.2500 11.3125 -11.1250 7.4375
-10.5625 -14.1250 -7.9375 12.3750 8.3750 -11.8125 -9.0625 9.3125 8.0000 -12.1250 -9.0000 5.5625 10.1875 -8.3125 -11.6250 9.8125
-5.6250 -8.8125 -11.3125 -8.1250 11.9375 9.1875 13.3125 10.9375 -6.8750 -10.6875 -9.5625 -12.5625 -9.8750 -9.5625 10.1875 -9.4375
-11.0000 9.0000 8.4375 -11.2500 -9.0625 -9.8125 -13.4375 -11.5000 12.6250 -9.2500 -9.3125 10.4375 9.6875 -13.6250 10.1250 11.1875
9.6875 11.0000 -11.1875 -10.7500 12.5000 10.8750 15.8750 8.0000 8.5625 -9.8125 10.1250 -7.1250 -12.5625 -8.6250 8.2500 -8.0000
-7.9375 -10.5625 -7.8125 8.9375 8.6875 10.3125 9.5000 -6.2500 10.5625 8.8750 -8.3750 -10.9375 -8.7500 -9.5625 10.0000 7.5000
5.0625 12.8125 9.1875 -12.3125 -10.0625 9.2500 -7.6250 10.6250 10.1875 -9.9375 11.4375 10.6875 -9.0000 10.8125 -10.3750 9.8125
-10.2500 9.8750 10.3750 -9.9375 -11.5000 10.5000 9.2500 9.0000 9.5625 10.0625 -11.0625 -8.6250 -11.1250 -9.3125 -7.5625 11.8125
0 0 0 0 0 0 0 0 0 0 0 0 0 0 0 0
0 0 0 0 0 0 0 0 0 0 0 0 0 0 0 0
0 0 0 0 0 0 0 0 0 0 0 0 0 0 0 0
0 0 0 0 0 0 0 0 0 0 0 0 0 0 0 0
0 0 0 0 0 0 0 0 0 0 0 0 0 0 0 0
0 0 0 0 0 0 0 0 0 0 0 0 0 0 0 0
0 0 0 0 0 0 0 0 0 0 0 0 0 0 0 0
0 0 0 0 0 0 0 0 0 0 0 0 0 0 0 0
0 0 0 0 0 0 0 0 0 0 0 0 0 0 0 0
0 0 0 0 0 0 0 0 0 0 0 0 0 0 0 0
0 0 0 0 0 0 0 0 0 0 0 0 0 0 0 0
0 0 0 0 0 0 0 0 0 0 0 0 0 0 0 0
0 0 0 0 0 0 0 0 0 0 0 0 0 0 0 0
0 0 0 0 0 0 0 0 0 0 0 0 0 0 0 0
0 0 0 0 0 0 0 0 0 0 0 0 0 0 0 0
0 0 0 0 0 0 0 0 0 0 0 0 0 0 0 0
0 0 0 0 0 0 0 0 0 0 0 0 0 0 0 0
0 0 0 0 0 0 0 0 0 0 0 0 0 0 0 0
0 0 0 0 0 0 0 0 0 0 0 0 0 0 0 0
0 0 0 0 0 0 0 0 0 0 0 0 0 0 0 0
0 0 0 0 0 0 0 0 0 0 0 0 0 0 0 0
0 0 0 0 0 0 0 0 0 0 0 0 0 0 0 0
0 0 0 0 0 0 0 0 0 0 0 0 0 0 0 0
0 0 0 0 0 0 0 0 0 0 0 0 0 0 0 0
86 128
-14.2500 -11.8750 10.5000 -12.8750 -9.8750 11.5625 -11.8750 13.6875 -10.0000 -13.8125 -11.3750 11.9375 -13.5000 9.3750 -15.9375 12.0625
-14.5625 -12.3125 -13.9375 11.5000 13.4375 -13.2500 -14.0000 13.3125 14.0000 -12.7500 -11.0625 10.7500 12.0625 -13.6250 -12.6250 14.4375
-13.1875 -11.1250 -10.5000 -16.0625 10.9375 12.1875 13.3750 10.8750 -11.6875 -13.3125 -15.6875 -12.7500 -13.6875 -9.3125 12.4375 -10.2500
-11.5000 15.0000 15.1875 -10.6875 -12.3125 -13.9375 -13.6250 -11.9375 13.0000 -8.6875 -11.3125 12.0625 12.2500 -11.5625 12.6250 13.7500
13.2500 10.8125 -9.5000 -14.5625 12.6250 13.8125 14.5000 15.3125 14.6875 -14.6875 12.7500 -14.1875 -11.6875 -12.5000 10.0625 -13.5000
-13.1875 -12.1250 -12.9375 12.1875 13.6875 14.1875 17.1250 -10.9375 11.1875 12.8125 -9.6250 -13.9375 -10.1250 -8.3750 15.8750 13.4375
12.3125 14.5625 12.1875 -14.6875 -13.5000 11.5625 -12.3750 11.5000 13.1250 -12.0000 13.3125 14.1875 -13.5000 12.9375 -11.3750 12.8750
-12.6250 13.5625 11.2500 -11.6250 -10.5000 12.6875 12.9375 12.7500 8.0625 13.0625 -14.2500 -16.5000 -11.0625 -11.1250 -11.6875 15.1875
0 0 0 0 0 0 0 0 0 0 0 0 0 0 0 0
0 0 0 0 0 0 0 0 0 0 0 0 0 0 0 0
0 0 0 0 0 0 0 0 0 0 0 0 0 0 0 0
0 0 0 0 0 0 0 0 0 0 0 0 0 0 0 0
0 0 0 0 0 0 0 0 0 0 0 0 0 0 0 0
0 0 0 0 0 0 0 0 0 0 0 0 0 0 0 0
0 0 0 0 0 0 0 0 0 0 0 0 0 0 0 0
0 0 0 0 0 0 0 0 0 0 0 0 0 0 0 0
0 0 0 0 0 0 0 0 0 0 0 0 0 0 0 0
0 0 0 0 0 0 0 0 0 0 0 0 0 0 0 0
0 0 0 0 0 0 0 0 0 0 0 0 0 0 0 0
0 0 0 0 0 0 0 0 0 0 0 0 0 0 0 0
0 0 0 0 0 0 0 0 0 0 0 0 0 0 0 0
0 0 0 0 0 0 0 0 0 0 0 0 0 0 0 0
0 0 0 0 0 0 0 0 0 0 0 0 0 0 0 0
0 0 0 0 0 0 0 0 0 0 0 0 0 0 0 0
0 0 0 0 0 0 0 0 0 0 0 0 0 0 0 0
0 0 0 0 0 0 0 0 0 0 0 0 0 0 0 0
0 0 0 0 0 0 0 0 0 0 0 0 0 0 0 0
0 0 0 0 0 0 0 0 0 0 0 0 0 0 0 0
0 0 0 0 0 0 0 0 0 0 0 0 0 0 0 0
0 0 0 0 0 0 0 0 0 0 0 0 0 0 0 0
0 0 0 0 0 0 0 0 0 0 0 0 0 0 0 0
0 0 0 0 0 0 0 0 0 0 0 0 0 0 0 0
87 128
10.5625 -10.7500 8.5625 -9.1875 10.1875 9.0625 -11.1250 -9.5625 7.0625 -9.5000 8.5000 -13.8125 -8.6875 -10.4375 10.6875 -9.1875
-14.3750 -9.7500 8.7500 -11.2500 6.9375 12.3750 8.5625 -7.8125 10.5625 -9.9375 9.2500 11.3125 -13.0000 11.8125 -9.3750 10.1875
12.8125 -9.0625 11.9375 -8.1875 -9.6875 7.3125 -11.6250 12.9375 -10.8750 -9.1875 11.4375 11.5625 6.9375 -9.6875 12.9375 8.6250
-11.3750 -8.6875 -8.4375 -9.8750 -11.3750 11.2500 10.3125 -9.6875 -8.2500 8.2500 -10.5625 -10.4375 10.3750 13.3125 -10.1250 11.6250
11.9375 -10.7500 10.1875 9.7500 8.7500 -11.0625 -9.8125 9.1250 -12.1250 -8.3750 -7.0625 -7.9375 8.3750 -9.0625 10.1250 8.0000
9.2500 9.9375 10.6875 -10.0625 -10.1250 9.3125 8.4375 -7.9375 9.0000 9.0000 -6.8125 -8.3750 -10.9375 -11.1875 -10.8125 13.8125
-8.2500 10.3125 8.1875 12.1875 12.0625 11.8750 -7.2500 -9.6250 8.3125 -11.1875 8.5000 -11.5625 -14.2500 -9.6250 -9.8125 10.6250
-10.6875 -12.1875 -11.0625 -9.8125 -11.1875 -8.6250 10.6875 -8.5000 -9.9375 -12.4375 -9.0625 -10.6875 10.0625 -11.4375 8.6875 -8.6875
0 0 0 0 0 0 0 0 0 0 0 0 0 0 0 0
0 0 0 0 0 0 0 0 0 0 0 0 0 0 0 0
0 0 0 0 0 0 0 0 0 0 0 0 0 0 0 0
0 0 0 0 0 0 0 0 0 0 0 0 0 0 0 0
0 0 0 0 0 0 0 0 0 0 0 0 0 0 0 0
0 0 0 0 0 0 0 0 0 0 0 0 0 0 0 0
0 0 0 0 0 0 0 0 0 0 0 0 0 0 0 0
0 0 0 0 0 0 0 0 0 0 0 0 0 0 0 0
0 0 0 0 0 0 0 0 0 0 0 0 0 0 0 0
0 0 0 0 0 0 0 0 0 0 0 0 0 0 0 0
0 0 0 0 0 0 0 0 0 0 0 0 0 0 0 0
0 0 0 0 0 0 0 0 0 0 0 0 0 0 0 0
0 0 0 0 0 0 0 0 0 0 0 0 0 0 0 0
0 0 0 0 0 0 0 0 0 0 0 0 0 0 0 0
0 0 0 0 0 0 0 0 0 0 0 0 0 0 0 0
0 0 0 0 0 0 0 0 0 0 0 0 0 0 0 0
0 0 0 0 0 0 0 0 0 0 0 0 0 0 0 0
0 0 0 0 0 0 0 0 0 0 0 0 0 0 0 0
0 0 0 0 0 0 0 0 0 0 0 0 0 0 0 0
0 0 0 0 0 0 0 0 0 0 0 0 0 0 0 0
0 0 0 0 0 0 0 0 0 0 0 0 0 0 0 0
0 0 0 0 0 0 0 0 0 0 0 0 0 0 0 0
0 0 0 0 0 0 0 0 0 0 0 0 0 0 0 0
0 0 0 0 0 0 0 0 0 0 0 0 0 0 0 0
87 128
14.0625 -12.0000 13.5625 -12.4375 11.8750 9.7500 -14.1875 -12.1875 15.5625 -13.6875 10.0625 -11.6875 -12.4375 -11.3125 14.1875 -12.1875
-11.8125 -12.1875 11.4375 -13.3125 12.8750 10.5625 8.8125 -13.6250 14.3750 -11.2500 14.5000 14.5000 -10.5625 11.7500 -14.0625 15.0000
12.8125 -14.2500 10.9375 -10.0625 -9.3750 15.3125 -11.5000 12.6250 -11.8750 -10.6250 13.5000 9.6875 11.2500 -14.0000 13.6875 11.4375
-10.9375 -18.1875 -13.3125 -11.9375 -14.0000 11.9375 13.3125 -14.8125 -11.0625 10.6875 -12.6250 -13.2500 11.8750 9.3750 -10.2500 16.3750
12.4375 -11.5625 13.7500 12.5625 11.9375 -12.9375 -12.5625 12.5000 -12.8125 -12.8125 -13.0000 -14.1250 12.4375 -9.6250 17.3125 14.9375
13.3750 14.9375 14.3125 -12.1875 -8.8125 14.3125 12.3125 -10.4375 12.1250 8.4375 -11.8750 -13.3750 -13.3750 -10.2500 -10.9375 10.9375
-13.5000 11.5625 15.2500 11.4375 13.9375 11.3125 -14.1875 -14.3750 14.3750 -12.0000 14.3750 -14.5625 -11.3125 -12.4375 -15.1875 14.1875
-14.2500 -11.0000 -14.3750 -14.2500 -14.8125 -11.3750 12.5625 -15.4375 -10.6250 -13.5000 -10.8125 -10.5625 10.8125 -14.5625 12.0000 -14.9375
0 0 0 0 0 0 0 0 0 0 0 0 0 0 0 0
0 0 0 0 0 0 0 0 0 0 0 0 0 0 0 0
0 0 0 0 0 0 0 0 0 0 0 0 0 0 0 0
0 0 0 0 0 0 0 0 0 0 0 0 0 0 0 0
0 0 0 0 0 0 0 0 0 0 0 0 0 0 0 0
0 0 0 0 0 0 0 0 0 0 0 0 0 0 0 0
0 0 0 0 0 0 0 0 0 0 0 0 0 0 0 0
0 0 0 0 0 0 0 0 0 0 0 0 0 0 0 0
0 0 0 0 0 0 0 0 0 0 0 0 0 0 0 0
0 0 0 0 0 0 0 0 0 0 0 0 0 0 0 0
0 0 0 0 0 0 0 0 0 0 0 0 0 0 0 0
0 0 0 0 0 0 0 0 0 0 0 0 0 0 0 0
0 0 0 0 0 0 0 0 0 0 0 0 0 0 0 0
0 0 0 0 0 0 0 0 0 0 0 0 0 0 0 0
0 0 0 0 0 0 0 0 0 0 0 0 0 0 0 0
0 0 0 0 0 0 0 0 0 0 0 0 0 0 0 0
0 0 0 0 0 0 0 0 0 0 0 0 0 0 0 0
0 0 0 0 0 0 0 0 0 0 0 0 0 0 0 0
0 0 0 0 0 0 0 0 0 0 0 0 0 0 0 0
0 0 0 0 0 0 0 0 0 0 0 0 0 0 0 0
0 0 0 0 0 0 0 0 0 0 0 0 0 0 0 0
0 0 0 0 0 0 0 0 0 0 0 0 0 0 0 0
0 0 0 0 0 0 0 0 0 0 0 0 0 0 0 0
0 0 0 0 0 0 0 0 0 0 0 0 0 0 0 0
88 128
10.1250 10.7500 -9.6875 -10.3125 8.0000 -8.2500 9.1250 -9.6250 -9.8125 8.5000 9.8125 -11.2500 10.6875 -10.6875 11.5000 -9.0000
-9.7500 -9.5000 12.9375 9.9375 6.8125 -9.7500 -11.0625 5.8125 -8.8750 11.0625 10.6875 11.1875 7.5000 6.2500 8.4375 10.1250
12.8125 -8.9375 -11.8750 13.8750 -13.3750 -7.3125 -8.6875 -9.0000 -9.1250 10.2500 -9.1875 9.1250 -11.4375 10.6875 -7.4375 -9.7500
10.3125 -11.9375 -7.0000 -11.4375 -7.5625 11.0625 7.7500 -12.0000 10.6875 11.0000 -11.7500 -12.6875 -10.6875 -10.6875 7.8750 -7.8750
-12.5000 9.8125 11.3125 11.6875 -10.0625 -12.4375 -10.0000 11.0000 -10.7500 -11.5625 11.9375 7.8125 11.9375 -9.8750 11.1875 10.3125
8.0625 -9.0625 9.8125 10.1875 -9.6250 12.2500 -7.8125 10.8125 -11.6250 -10.3125 -9.6875 10.3750 11.8125 -10.5625 -11.0625 9.5625
12.4375 12.8750 8.5625 -9.6875 -11.8750 8.5625 10.4375 10.5625 -11.5000 -9.5625 12.8750 10.4375 -10.4375 10.9375 9.0000 -5.1250
11.0625 8.7500 -10.6875 -11.2500 -9.7500 11.7500 8.6875 -10.3750 10.1875 -7.5000 -10.6875 8.3125 -8.1250 11.8125 7.1250 6.7500
0 0 0 0 0 0 0 0 0 0 0 0 0 0 0 0
0 0 0 0 0 0 0 0 0 0 0 0 0 0 0 0
0 0 0 0 0 0 0 0 0 0 0 0 0 0 0 0
0 0 0 0 0 0 0 0 0 0 0 0 0 0 0 0
0 0 0 0 0 0 0 0 0 0 0 0 0 0 0 0
0 0 0 0 0 0 0 0 0 0 0 0 0 0 0 0
0 0 0 0 0 0 0 0 0 0 0 0 0 0 0 0
0 0 0 0 0 0 0 0 0 0 0 0 0 0 0 0
0 0 0 0 0 0 0 0 0 0 0 0 0 0 0 0
0 0 0 0 0 0 0 0 0 0 0 0 0 0 0 0
0 0 0 0 0 0 0 0 0 0 0 0 0 0 0 0
0 0 0 0 0 0 0 0 0 0 0 0 0 0 0 0
0 0 0 0 0 0 0 0 0 0 0 0 0 0 0 0
0 0 0 0 0 0 0 0 0 0 0 0 0 0 0 0
0 0 0 0 0 0 0 0 0 0 0 0 0 0 0 0
0 0 0 0 0 0 0 0 0 0 0 0 0 0 0 0
0 0 0 0 0 0 0 0 0 0 0 0 0 0 0 0
0 0 0 0 0 0 0 0 0 0 0 0 0 0 0 0
0 0 0 0 0 0 0 0 0 0 0 0 0 0 0 0
0 0 0 0 0 0 0 0 0 0 0 0 0 0 0 0
0 0 0 0 0 0 0 0 0 0 0 0 0 0 0 0
0 0 0 0 0 0 0 0 0 0 0 0 0 0 0 0
0 0 0 0 0 0 0 0 0 0 0 0 0 0 0 0
0 0 0 0 0 0 0 0 0 0 0 0 0 0 0 0
88 128
13.3750 10.8750 -18.0000 -13.8125 14.8125 -11.1250 12.5625 -12.6875 -10.9375 11.7500 15.0625 -13.1250 15.1250 -12.1250 11.0625 -11.8750
-15.8125 -11.8125 11.8750 12.9375 14.5000 -14.4375 -10.5000 15.4375 -11.3125 12.3125 16.4375 13.6250 15.0625 13.1250 11.7500 12.2500
9.7500 -9.8750 -11.6875 14.0625 -12.9375 -12.4375 -12.8125 -12.3750 -12.3125 12.3750 -13.3750 11.6250 -12.7500 12.8750 -12.5000 -13.5625
14.3125 -14.0000 -11.7500 -15.2500 -13.4375 11.5000 13.6250 -13.8750 10.1250 9.6875 -12.7500 -9.1250 -12.3750 -12.0000 13.3125 -12.5625
-9.8750 13.3750 13.2500 13.1875 -12.6875 -10.9375 -11.6875 16.4375 -11.1875 -12.8750 12.0000 10.8750 12.8750 -9.7500 14.0000 14.3750
11.0625 -11.0000 11.1875 15.1250 -15.6250 13.2500 -14.5000 10.8750 -11.0625 -11.0000 -11.3125 13.0000 13.5625 -12.8750 -13.0625 13.3750
12.7500 12.2500 15.0000 -11.6250 -13.9375 12.8125 14.9375 11.8750 -11.6875 -13.0625 13.2500 14.6250 -17.6250 12.9375 12.5000 -15.3125
12.8125 12.5625 -9.8750 -12.0625 -9.4375 14.7500 10.4375 -13.8750 14.1250 -13.6875 -13.6250 11.6875 -14.1875 11.8125 10.5625 13.6875
0 0 0 0 0 0 0 0 0 0 0 0 0 0 0 0
0 0 0 0 0 0 0 0 0 0 0 0 0 0 0 0
0 0 0 0 0 0 0 0 0 0 0 0 0 0 0 0
0 0 0 0 0 0 0 0 0 0 0 0 0 0 0 0
0 0 0 0 0 0 0 0 0 0 0 0 0 0 0 0
0 0 0 0 0 0 0 0 0 0 0 0 0 0 0 0
0 0 0 0 0 0 0 0 0 0 0 0 0 0 0 0
0 0 0 0 0 0 0 0 0 0 0 0 0 0 0 0
0 0 0 0 0 0 0 0 0 0 0 0 0 0 0 0
0 0 0 0 0 0 0 0 0 0 0 0 0 0 0 0
0 0 0 0 0 0 0 0 0 0 0 0 0 0 0 0
0 0 0 0 0 0 0 0 0 0 0 0 0 0 0 0
0 0 0 0 0 0 0 0 0 0 0 0 0 0 0 0
0 0 0 0 0 0 0 0 0 0 0 0 0 0 0 0
0 0 0 0 0 0 0 0 0 0 0 0 0 0 0 0
0 0 0 0 0 0 0 0 0 0 0 0 0 0 0 0
0 0 0 0 0 0 0 0 0 0 0 0 0 0 0 0
0 0 0 0 0 0 0 0 0 0 0 0 0 0 0 0
0 0 0 0 0 0 0 0 0 0 0 0 0 0 0 0
0 0 0 0 0 0 0 0 0 0 0 0 0 0 0 0
0 0 0 0 0 0 0 0 0 0 0 0 0 0 0 0
0 0 0 0 0 0 0 0 0 0 0 0 0 0 0 0
0 0 0 0 0 0 0 0 0 0 0 0 0 0 0 0
0 0 0 0 0 0 0 0 0 0 0 0 0 0 0 0
89 128
-9.8750 -11.5000 6.8125 -11.8750 10.5625 -8.1250 9.0625 -10.9375 -9.0000 -11.8125 -9.7500 -11.5000 10.6875 -10.7500 -8.7500 -11.1875
8.4375 -9.6875 -13.3125 -8.0625 11.5000 7.6250 9.1875 -14.6875 8.5625 11.1875 -7.5625 -11.3125 -11.9375 -9.4375 -11.3125 -7.7500
-7.3125 -14.3750 8.9375 14.0625 -9.0000 8.9375 -8.5000 9.6250 -11.9375 -7.6875 14.1875 12.4375 -13.1250 -9.8125 -11.3125 -8.9375
-12.8750 -8.1875 -8.0000 11.8125 -10.3125 10.3750 10.2500 -8.3750 7.0625 -10.0000 -7.5625 -11.8125 -6.1875 -8.3125 -12.0000 -10.2500
9.6875 5.4375 9.6250 -8.4375 -5.8750 10.8125 -11.3750 9.8125 9.5000 -10.4375 -7.5625 11.3750 5.8750 -8.3125 -13.0625 -7.8750
10.7500 -11.9375 11.6875 8.1250 11.5000 12.0625 10.0625 -10.9375 11.3750 -7.5000 10.4375 -9.8750 10.5000 9.4375 11.2500 10.5625
10.9375 11.0000 -8.0625 -9.0000 10.6875 12.3750 11.5625 7.0625 10.5000 -8.8125 -10.8125 7.3125 -9.0625 9.6250 -11.1875 10.7500
-6.8750 -7.9375 -10.3750 10.3750 -7.1250 -8.6250 -10.3750 -8.3750 10.6250 8.5000 -8.0000 11.8750 11.7500 -8.3125 -11.4375 10.5625
0 0 0 0 0 0 0 0 0 0 0 0 0 0 0 0
0 0 0 0 0 0 0 0 0 0 0 0 0 0 0 0
0 0 0 0 0 0 0 0 0 0 0 0 0 0 0 0
0 0 0 0 0 0 0 0 0 0 0 0 0 0 0 0
0 0 0 0 0 0 0 0 0 0 0 0 0 0 0 0
0 0 0 0 0 0 0 0 0 0 0 0 0 0 0 0
0 0 0 0 0 0 0 0 0 0 0 0 0 0 0 0
0 0 0 0 0 0 0 0 0 0 0 0 0 0 0 0
0 0 0 0 0 0 0 0 0 0 0 0 0 0 0 0
0 0 0 0 0 0 0 0 0 0 0 0 0 0 0 0
0 0 0 0 0 0 0 0 0 0 0 0 0 0 0 0
0 0 0 0 0 0 0 0 0 0 0 0 0 0 0 0
0 0 0 0 0 0 0 0 0 0 0 0 0 0 0 0
0 0 0 0 0 0 0 0 0 0 0 0 0 0 0 0
0 0 0 0 0 0 0 0 0 0 0 0 0 0 0 0
0 0 0 0 0 0 0 0 0 0 0 0 0 0 0 0
0 0 0 0 0 0 0 0 0 0 0 0 0 0 0 0
0 0 0 0 0 0 0 0 0 0 0 0 0 0 0 0
0 0 0 0 0 0 0 0 0 0 0 0 0 0 0 0
0 0 0 0 0 0 0 0 0 0 0 0 0 0 0 0
0 0 0 0 0 0 0 0 0 0 0 0 0 0 0 0
0 0 0 0 0 0 0 0 0 0 0 0 0 0 0 0
0 0 0 0 0 0 0 0 0 0 0 0 0 0 0 0
0 0 0 0 0 0 0 0 0 0 0 0 0 0 0 0
89 128
-12.0000 -13.2500 12.7500 -14.3750 13.2500 -14.6875 12.3125 -11.7500 -11.7500 -10.6250 -10.6875 -12.0625 12.1875 -11.8125 -13.8125 -14.6875
11.8750 -13.0625 -11.0625 -13.1875 9.3125 13.1250 10.9375 -13.4375 10.2500 13.8750 -13.6250 -14.7500 -10.6875 -10.7500 -12.8750 -15.5625
-13.3125 -10.7500 11.3750 15.5625 -12.8750 11.5625 -11.8125 12.9375 -10.8750 -14.0625 14.8750 12.5000 -14.0625 -9.4375 -9.0000 -11.8750
-9.1875 -12.8125 -13.8750 8.7500 -16.2500 16.5000 14.0000 -12.2500 13.6875 -12.7500 -16.1250 -12.7500 -13.1875 -13.9375 -10.0625 -10.2500
12.8750 13.5625 10.6250 -15.3750 -12.3750 15.3125 -12.4375 13.3750 9.2500 -11.9375 -10.6875 12.0000 10.3750 -11.6250 -15.8125 -11.6875
11.1250 -14.3750 8.9375 12.7500 9.9375 14.2500 14.0000 -15.6875 15.5000 -13.6875 11.5000 -13.8750 14.4375 12.4375 11.8750 11.7500
11.5000 15.1875 -13.2500 -9.5625 12.1250 16.8750 13.9375 12.1875 9.1875 -10.8125 -11.9375 14.6875 -11.3125 12.3750 -13.0000 12.3750
-14.0000 -11.3125 -10.8750 16.4375 -14.2500 -12.3750 -15.2500 -13.1250 9.8125 13.9375 -11.0625 14.1250 11.4375 -12.7500 -12.6250 15.0625
0 0 0 0 0 0 0 0 0 0 0 0 0 0 0 0
0 0 0 0 0 0 0 0 0 0 0 0 0 0 0 0
0 0 0 0 0 0 0 0 0 0 0 0 0 0 0 0
0 0 0 0 0 0 0 0 0 0 0 0 0 0 0 0
0 0 0 0 0 0 0 0 0 0 0 0 0 0 0 0
0 0 0 0 0 0 0 0 0 0 0 0 0 0 0 0
0 0 0 0 0 0 0 0 0 0 0 0 0 0 0 0
0 0 0 0 0 0 0 0 0 0 0 0 0 0 0 0
0 0 0 0 0 0 0 0 0 0 0 0 0 0 0 0
0 0 0 0 0 0 0 0 0 0 0 0 0 0 0 0
0 0 0 0 0 0 0 0 0 0 0 0 0 0 0 0
0 0 0 0 0 0 0 0 0 0 0 0 0 0 0 0
0 0 0 0 0 0 0 0 0 0 0 0 0 0 0 0
0 0 0 0 0 0 0 0 0 0 0 0 0 0 0 0
0 0 0 0 0 0 0 0 0 0 0 0 0 0 0 0
0 0 0 0 0 0 0 0 0 0 0 0 0 0 0 0
0 0 0 0 0 0 0 0 0 0 0 0 0 0 0 0
0 0 0 0 0 0 0 0 0 0 0 0 0 0 0 0
0 0 0 0 0 0 0 0 0 0 0 0 0 0 0 0
0 0 0 0 0 0 0 0 0 0 0 0 0 0 0 0
0 0 0 0 0 0 0 0 0 0 0 0 0 0 0 0
0 0 0 0 0 0 0 0 0 0 0 0 0 0 0 0
0 0 0 0 0 0 0 0 0 0 0 0 0 0 0 0
0 0 0 0 0 0 0 0 0 0 0 0 0 0 0 0
90 128
10.6875 -7.6875 -10.9375 -12.5625 -7.4375 11.0625 -9.1250 10.9375 -9.7500 -10.0000 10.0625 10.7500 -10.0000 10.3750 -4.8125 11.2500
-12.8125 -7.8125 -10.6875 12.3125 11.8125 -11.0625 -6.8750 9.0000 -9.9375 -11.1875 -7.9375 -7.7500 -9.0000 -9.1250 -11.5000 9.3125
-9.5000 11.5000 -8.8125 6.1250 -12.0625 7.0625 9.9375 13.6875 -10.2500 9.6250 8.6250 10.5625 7.1875 -12.2500 -12.5000 10.5625
-10.3125 -7.3125 -10.4375 -8.7500 -6.1250 -10.5000 -8.5000 9.4375 9.7500 -9.8125 -11.6875 -9.9375 -9.3750 -10.8750 11.9375 -10.2500
11.1250 10.1250 8.5625 -12.6875 -11.1250 7.8125 -12.6875 11.5000 7.7500 14.3125 9.9375 -10.2500 14.1875 9.1875 8.6875 7.5625
-10.5000 -9.3125 -9.8750 -10.2500 10.6875 -10.0625 9.8750 -10.3125 7.6875 -10.8750 10.4375 -9.2500 9.0625 -9.4375 -8.3125 -9.1250
-8.0625 -9.1250 10.2500 8.3125 -9.6875 8.7500 -13.3125 -9.8125 -8.5000 8.5000 -8.2500 12.4375 11.3125 10.2500 8.3750 10.3750
-7.6250 -9.3750 -8.5625 11.4375 -6.7500 -8.2500 -8.5000 9.6875 11.5000 9.3125 -8.7500 9.7500 -9.1875 7.8125 10.6875 10.5000
0 0 0 0 0 0 0 0 0 0 0 0 0 0 0 0
0 0 0 0 0 0 0 0 0 0 0 0 0 0 0 0
0 0 0 0 0 0 0 0 0 0 0 0 0 0 0 0
0 0 0 0 0 0 0 0 0 0 0 0 0 0 0 0
0 0 0 0 0 0 0 0 0 0 0 0 0 0 0 0
0 0 0 0 0 0 0 0 0 0 0 0 0 0 0 0
0 0 0 0 0 0 0 0 0 0 0 0 0 0 0 0
0 0 0 0 0 0 0 0 0 0 0 0 0 0 0 0
0 0 0 0 0 0 0 0 0 0 0 0 0 0 0 0
0 0 0 0 0 0 0 0 0 0 0 0 0 0 0 0
0 0 0 0 0 0 0 0 0 0 0 0 0 0 0 0
0 0 0 0 0 0 0 0 0 0 0 0 0 0 0 0
0 0 0 0 0 0 0 0 0 0 0 0 0 0 0 0
0 0 0 0 0 0 0 0 0 0 0 0 0 0 0 0
0 0 0 0 0 0 0 0 0 0 0 0 0 0 0 0
0 0 0 0 0 0 0 0 0 0 0 0 0 0 0 0
0 0 0 0 0 0 0 0 0 0 0 0 0 0 0 0
0 0 0 0 0 0 0 0 0 0 0 0 0 0 0 0
0 0 0 0 0 0 0 0 0 0 0 0 0 0 0 0
0 0 0 0 0 0 0 0 0 0 0 0 0 0 0 0
0 0 0 0 0 0 0 0 0 0 0 0 0 0 0 0
0 0 0 0 0 0 0 0 0 0 0 0 0 0 0 0
0 0 0 0 0 0 0 0 0 0 0 0 0 0 0 0
0 0 0 0 0 0 0 0 0 0 0 0 0 0 0 0
90 128
15.3125 -14.6250 -10.3125 -13.2500 -12.3125 13.1250 -11.6875 14.3750 -13.8125 -9.7500 11.5625 10.3125 -11.5000 11.8750 -11.6250 12.1875
-14.7500 -9.2500 -10.1250 9.5625 15.1250 -13.7500 -10.8750 13.6250 -14.0625 -11.1250 -11.2500 -9.5625 -13.4375 -10.9375 -13.1875 12.0000
-12.6250 12.5625 -13.3750 13.9375 -15.0000 13.2500 12.3750 15.6875 -12.7500 13.8750 13.5625 13.3750 12.7500 -15.0625 -13.5625 12.2500
-10.0625 -13.4375 -12.6875 -12.6875 -14.9375 -14.5625 -14.6250 11.8750 12.0000 -11.7500 -11.8125 -13.0000 -11.9375 -13.1875 10.3750 -12.1875
11.0000 14.4375 12.5625 -13.2500 -14.5000 11.1875 -12.1875 13.3125 13.8750 14.2500 13.3750 -13.2500 12.2500 13.0000 11.1250 11.5625
-10.1875 -13.9375 -12.6875 -12.8750 15.6250 -10.3750 11.0000 -11.1875 11.6875 -13.4375 10.8750 -12.3125 14.6250 -12.3125 -11.4375 -11.2500
-13.6250 -13.1250 11.9375 14.9375 -10.1875 12.5000 -12.7500 -12.3125 -13.3125 11.4375 -7.9375 9.6250 10.8750 12.6875 12.1875 15.3125
-12.1875 -12.1875 -14.2500 13.1875 -10.3125 -11.6875 -10.5625 12.3125 14.0000 13.9375 -12.0625 11.2500 -11.9375 8.8750 9.8750 11.8125
0 0 0 0 0 0 0 0 0 0 0 0 0 0 0 0
0 0 0 0 0 0 0 0 0 0 0 0 0 0 0 0
0 0 0 0 0 0 0 0 0 0 0 0 0 0 0 0
0 0 0 0 0 0 0 0 0 0 0 0 0 0 0 0
0 0 0 0 0 0 0 0 0 0 0 0 0 0 0 0
0 0 0 0 0 0 0 0 0 0 0 0 0 0 0 0
0 0 0 0 0 0 0 0 0 0 0 0 0 0 0 0
0 0 0 0 0 0 0 0 0 0 0 0 0 0 0 0
0 0 0 0 0 0 0 0 0 0 0 0 0 0 0 0
0 0 0 0 0 0 0 0 0 0 0 0 0 0 0 0
0 0 0 0 0 0 0 0 0 0 0 0 0 0 0 0
0 0 0 0 0 0 0 0 0 0 0 0 0 0 0 0
0 0 0 0 0 0 0 0 0 0 0 0 0 0 0 0
0 0 0 0 0 0 0 0 0 0 0 0 0 0 0 0
0 0 0 0 0 0 0 0 0 0 0 0 0 0 0 0
0 0 0 0 0 0 0 0 0 0 0 0 0 0 0 0
0 0 0 0 0 0 0 0 0 0 0 0 0 0 0 0
0 0 0 0 0 0 0 0 0 0 0 0 0 0 0 0
0 0 0 0 0 0 0 0 0 0 0 0 0 0 0 0
0 0 0 0 0 0 0 0 0 0 0 0 0 0 0 0
0 0 0 0 0 0 0 0 0 0 0 0 0 0 0 0
0 0 0 0 0 0 0 0 0 0 0 0 0 0 0 0
0 0 0 0 0 0 0 0 0 0 0 0 0 0 0 0
0 0 0 0 0 0 0 0 0 0 0 0 0 0 0 0
91 128
8.9375 -10.8750 8.8125 -10.8750 -10.4375 -8.0625 -10.3125 6.1250 -9.7500 13.6250 -11.0625 -9.4375 -10.6875 -9.3125 -7.6875 -9.6250
11.3125 -9.4375 11.5000 9.6250 11.8125 10.5625 9.1250 11.4375 -9.0625 -13.2500 5.6250 11.3750 9.6875 9.9375 11.5000 -10.3750
-7.5000 -8.6875 10.9375 -11.9375 10.3125 7.9375 10.1250 -10.6875 10.8750 6.5625 -10.0625 9.1250 13.8125 -8.5000 -11.9375 9.3750
8.8125 9.1250 10.8750 10.7500 -11.3750 10.1250 -13.8750 -10.7500 -9.5625 12.1875 7.8125 12.2500 -8.6875 -11.4375 8.0625 -10.3125
7.5625 -9.5000 9.0625 -8.3125 -8.4375 9.8750 -8.7500 -11.7500 -8.6875 9.6250 -8.8750 -8.9375 10.3125 7.6875 -5.9375 9.1875
-12.1875 -9.1250 9.1250 -11.7500 -9.9375 -9.3750 -12.3750 7.5625 8.9375 -9.8750 7.8125 10.9375 -6.9375 9.6875 9.0625 -9.9375
9.0000 11.3750 -11.6875 8.8750 -9.0000 12.2500 10.7500 10.1875 -12.3125 -12.6250 8.6875 -11.1250 8.4375 -10.0625 8.6875 10.3125
10.9375 -14.5625 -11.7500 6.1875 -9.1250 11.7500 -11.2500 8.6875 -9.8750 -10.4375 -8.3125 -10.5000 -10.3750 9.3750 10.1250 -10.6875
0 0 0 0 0 0 0 0 0 0 0 0 0 0 0 0
0 0 0 0 0 0 0 0 0 0 0 0 0 0 0 0
0 0 0 0 0 0 0 0 0 0 0 0 0 0 0 0
0 0 0 0 0 0 0 0 0 0 0 0 0 0 0 0
0 0 0 0 0 0 0 0 0 0 0 0 0 0 0 0
0 0 0 0 0 0 0 0 0 0 0 0 0 0 0 0
0 0 0 0 0 0 0 0 0 0 0 0 0 0 0 0
0 0 0 0 0 0 0 0 0 0 0 0 0 0 0 0
0 0 0 0 0 0 0 0 0 0 0 0 0 0 0 0
0 0 0 0 0 0 0 0 0 0 0 0 0 0 0 0
0 0 0 0 0 0 0 0 0 0 0 0 0 0 0 0
0 0 0 0 0 0 0 0 0 0 0 0 0 0 0 0
0 0 0 0 0 0 0 0 0 0 0 0 0 0 0 0
0 0 0 0 0 0 0 0 0 0 0 0 0 0 0 0
0 0 0 0 0 0 0 0 0 0 0 0 0 0 0 0
0 0 0 0 0 0 0 0 0 0 0 0 0 0 0 0
0 0 0 0 0 0 0 0 0 0 0 0 0 0 0 0
0 0 0 0 0 0 0 0 0 0 0 0 0 0 0 0
0 0 0 0 0 0 0 0 0 0 0 0 0 0 0 0
0 0 0 0 0 0 0 0 0 0 0 0 0 0 0 0
0 0 0 0 0 0 0 0 0 0 0 0 0 0 0 0
0 0 0 0 0 0 0 0 0 0 0 0 0 0 0 0
0 0 0 0 0 0 0 0 0 0 0 0 0 0 0 0
0 0 0 0 0 0 0 0 0 0 0 0 0 0 0 0
91 128
12.0000 -9.7500 11.9375 -10.1250 -9.9375 -14.8125 -11.9375 10.5000 -10.4375 10.6250 -13.7500 -11.5000 -14.8125 -13.7500 -11.2500 -14.0625
11.7500 -11.8125 11.0000 12.1875 15.5000 10.0625 8.5625 12.3750 -13.6875 -11.7500 10.0000 10.6250 12.9375 12.7500 11.5000 -12.3750
-12.1875 -12.5000 11.9375 -13.1875 13.0000 14.4375 12.2500 -11.3750 9.8125 14.5000 -12.4375 12.9375 15.1875 -13.3125 -13.7500 12.6250
11.0625 15.1875 13.4375 12.3125 -11.5625 10.2500 -9.3750 -11.3750 -11.5625 12.4375 10.9375 13.2500 -13.4375 -13.2500 12.1875 -12.3125
13.0000 -10.3750 13.0000 -12.1875 -11.5000 11.0000 -13.1250 -15.4375 -12.1875 12.1250 -14.0000 -13.4375 12.9375 13.4375 -12.9375 12.6875
-13.4375 -11.6250 12.3750 -15.7500 -13.6875 -13.8750 -12.2500 11.1875 14.7500 -12.6875 14.8125 13.1875 -14.6875 10.6250 13.9375 -12.6250
12.7500 16.7500 -15.4375 11.6250 -17.5625 14.3125 13.7500 11.8750 -13.6875 -13.4375 12.1875 -11.3125 14.8750 -13.0000 12.6250 13.2500
15.6875 -15.3750 -12.7500 13.1250 -12.6250 12.8125 -15.4375 13.7500 -14.7500 -13.6875 -11.7500 -10.2500 -11.1875 13.4375 13.2500 -13.1250
0 0 0 0 0 0 0 0 0 0 0 0 0 0 0 0
0 0 0 0 0 0 0 0 0 0 0 0 0 0 0 0
0 0 0 0 0 0 0 0 0 0 0 0 0 0 0 0
0 0 0 0 0 0 0 0 0 0 0 0 0 0 0 0
0 0 0 0 0 0 0 0 0 0 0 0 0 0 0 0
0 0 0 0 0 0 0 0 0 0 0 0 0 0 0 0
0 0 0 0 0 0 0 0 0 0 0 0 0 0 0 0
0 0 0 0 0 0 0 0 0 0 0 0 0 0 0 0
0 0 0 0 0 0 0 0 0 0 0 0 0 0 0 0
0 0 0 0 0 0 0 0 0 0 0 0 0 0 0 0
0 0 0 0 0 0 0 0 0 0 0 0 0 0 0 0
0 0 0 0 0 0 0 0 0 0 0 0 0 0 0 0
0 0 0 0 0 0 0 0 0 0 0 0 0 0 0 0
0 0 0 0 0 0 0 0 0 0 0 0 0 0 0 0
0 0 0 0 0 0 0 0 0 0 0 0 0 0 0 0
0 0 0 0 0 0 0 0 0 0 0 0 0 0 0 0
0 0 0 0 0 0 0 0 0 0 0 0 0 0 0 0
0 0 0 0 0 0 0 0 0 0 0 0 0 0 0 0
0 0 0 0 0 0 0 0 0 0 0 0 0 0 0 0
0 0 0 0 0 0 0 0 0 0 0 0 0 0 0 0
0 0 0 0 0 0 0 0 0 0 0 0 0 0 0 0
0 0 0 0 0 0 0 0 0 0 0 0 0 0 0 0
0 0 0 0 0 0 0 0 0 0 0 0 0 0 0 0
0 0 0 0 0 0 0 0 0 0 0 0 0 0 0 0
92 128
-9.9375 -10.9375 8.6250 12.4375 -9.6875 7.8750 9.2500 -12.4375 11.3125 -10.8750 -11.4375 12.8125 8.9375 -9.7500 9.5625 -10.8750
8.4375 10.4375 -8.6875 9.6250 -11.3125 9.1875 9.7500 9.1875 -7.2500 11.6250 -7.8750 12.0000 9.3750 8.2500 -11.5625 -10.1875
-11.0625 9.0625 10.4375 10.8125 -8.2500 -11.3750 9.0000 -13.8750 -8.0625 -9.1875 11.1875 8.5000 -9.0000 -11.6250 -9.8125 -9.2500
-10.6875 11.5000 -11.9375 -10.7500 -7.4375 9.1875 13.1875 10.8750 5.6875 -12.1875 -10.6250 -12.3125 11.2500 -12.3125 9.0625 -8.3125
-10.5625 11.1250 -9.0625 -11.6875 -10.8750 -9.8125 -9.8750 -9.0625 9.1875 9.8750 -9.2500 -11.6250 -10.3750 -10.3750 10.4375 -11.4375
-10.0000 9.8125 9.9375 9.1875 12.6250 10.6875 -7.3125 12.5625 -9.3750 -8.5000 11.0000 10.3750 8.7500 -8.1875 -9.7500 7.0625
9.8125 10.8125 -5.1875 -13.2500 11.2500 9.6875 10.0000 -10.4375 -12.1875 8.9375 10.4375 -9.2500 12.1875 7.2500 -12.0000 9.1875
-11.5000 -10.5000 11.6250 -9.3750 -9.5000 8.2500 10.0000 8.6875 10.9375 13.3750 9.1875 -9.1250 8.3125 -11.2500 10.2500 -11.9375
0 0 0 0 0 0 0 0 0 0 0 0 0 0 0 0
0 0 0 0 0 0 0 0 0 0 0 0 0 0 0 0
0 0 0 0 0 0 0 0 0 0 0 0 0 0 0 0
0 0 0 0 0 0 0 0 0 0 0 0 0 0 0 0
0 0 0 0 0 0 0 0 0 0 0 0 0 0 0 0
0 0 0 0 0 0 0 0 0 0 0 0 0 0 0 0
0 0 0 0 0 0 0 0 0 0 0 0 0 0 0 0
0 0 0 0 0 0 0 0 0 0 0 0 0 0 0 0
0 0 0 0 0 0 0 0 0 0 0 0 0 0 0 0
0 0 0 0 0 0 0 0 0 0 0 0 0 0 0 0
0 0 0 0 0 0 0 0 0 0 0 0 0 0 0 0
0 0 0 0 0 0 0 0 0 0 0 0 0 0 0 0
0 0 0 0 0 0 0 0 0 0 0 0 0 0 0 0
0 0 0 0 0 0 0 0 0 0 0 0 0 0 0 0
0 0 0 0 0 0 0 0 0 0 0 0 0 0 0 0
0 0 0 0 0 0 0 0 0 0 0 0 0 0 0 0
0 0 0 0 0 0 0 0 0 0 0 0 0 0 0 0
0 0 0 0 0 0 0 0 0 0 0 0 0 0 0 0
0 0 0 0 0 0 0 0 0 0 0 0 0 0 0 0
0 0 0 0 0 0 0 0 0 0 0 0 0 0 0 0
0 0 0 0 0 0 0 0 0 0 0 0 0 0 0 0
0 0 0 0 0 0 0 0 0 0 0 0 0 0 0 0
0 0 0 0 0 0 0 0 0 0 0 0 0 0 0 0
0 0 0 0 0 0 0 0 0 0 0 0 0 0 0 0
92 128
-11.5625 -14.3125 13.8125 11.5000 -13.7500 10.6250 11.8750 -13.2500 11.2500 -14.1250 -8.8125 14.9375 12.5000 -12.6875 14.5000 -12.2500
11.4375 13.4375 -9.0000 11.3750 -11.5000 14.3125 11.2500 14.2500 -9.6875 12.0000 -12.5000 9.1875 11.3750 10.3750 -11.3750 -12.9375
-14.0625 10.3125 10.8750 15.1875 -10.6875 -11.5000 11.0625 -14.8125 -12.1250 -14.3125 11.5625 14.8750 -13.0625 -13.2500 -10.8125 -12.1250
-10.0000 14.3125 -14.0625 -11.7500 -12.3125 13.6250 8.1250 15.5000 9.3750 -15.1250 -14.5000 -14.4375 11.1250 -12.5000 14.2500 -12.5625
-12.4375 13.2500 -11.6250 -12.8750 -13.3750 -13.0000 -15.5625 -14.8750 16.5625 11.1875 -9.2500 -10.3750 -14.3750 -11.8125 15.1250 -11.0625
-12.4375 15.7500 14.5625 11.6875 10.8125 12.5625 -14.1250 12.2500 -14.0000 -11.4375 14.4375 11.4375 11.1250 -15.8125 -12.8125 10.8125
12.5625 13.4375 -15.0625 -15.4375 12.1250 12.9375 12.8125 -17.6875 -14.8750 13.4375 13.1250 -15.4375 13.4375 14.6250 -14.8125 10.6875
-11.7500 -11.6875 10.9375 -10.6250 -17.3750 12.2500 13.4375 15.3125 11.5000 10.0000 10.8125 -12.9375 14.3750 -12.0625 11.0625 -11.8750
0 0 0 0 0 0 0 0 0 0 0 0 0 0 0 0
0 0 0 0 0 0 0 0 0 0 0 0 0 0 0 0
0 0 0 0 0 0 0 0 0 0 0 0 0 0 0 0
0 0 0 0 0 0 0 0 0 0 0 0 0 0 0 0
0 0 0 0 0 0 0 0 0 0 0 0 0 0 0 0
0 0 0 0 0 0 0 0 0 0 0 0 0 0 0 0
0 0 0 0 0 0 0 0 0 0 0 0 0 0 0 0
0 0 0 0 0 0 0 0 0 0 0 0 0 0 0 0
0 0 0 0 0 0 0 0 0 0 0 0 0 0 0 0
0 0 0 0 0 0 0 0 0 0 0 0 0 0 0 0
0 0 0 0 0 0 0 0 0 0 0 0 0 0 0 0
0 0 0 0 0 0 0 0 0 0 0 0 0 0 0 0
0 0 0 0 0 0 0 0 0 0 0 0 0 0 0 0
0 0 0 0 0 0 0 0 0 0 0 0 0 0 0 0
0 0 0 0 0 0 0 0 0 0 0 0 0 0 0 0
0 0 0 0 0 0 0 0 0 0 0 0 0 0 0 0
0 0 0 0 0 0 0 0 0 0 0 0 0 0 0 0
0 0 0 0 0 0 0 0 0 0 0 0 0 0 0 0
0 0 0 0 0 0 0 0 0 0 0 0 0 0 0 0
0 0 0 0 0 0 0 0 0 0 0 0 0 0 0 0
0 0 0 0 0 0 0 0 0 0 0 0 0 0 0 0
0 0 0 0 0 0 0 0 0 0 0 0 0 0 0 0
0 0 0 0 0 0 0 0 0 0 0 0 0 0 0 0
0 0 0 0 0 0 0 0 0 0 0 0 0 0 0 0
93 128
-11.4375 -8.5000 -13.6250 -8.1250 8.3750 -9.8125 -9.2500 -9.5000 3.6250 -7.7500 10.5625 8.7500 -10.6250 9.1875 -8.7500 -11.3750
-10.7500 10.0000 -10.6875 14.3125 -11.3750 9.1250 -11.0625 7.8750 10.7500 -8.5625 -11.7500 11.9375 9.7500 -7.8125 10.1875 -7.8750
9.1875 9.0000 -8.5000 -9.5625 11.1875 13.1875 -10.5000 9.0625 8.5625 -9.7500 13.5625 -9.3750 11.2500 8.3750 -11.8750 9.7500
12.3750 10.5625 7.6875 -6.3750 -10.6250 10.8125 -9.9375 8.4375 -7.7500 -13.4375 8.2500 8.5000 10.3125 -11.1250 -10.8125 -10.3750
-10.1875 11.0625 13.2500 8.8750 11.8750 -11.0625 -10.5625 8.8750 10.7500 11.3125 10.3125 -12.7500 9.2500 9.0625 10.9375 9.4375
-7.1875 9.4375 10.3750 -10.2500 -8.9375 -10.7500 10.8125 -6.8125 12.0625 -10.4375 -10.6250 -7.8750 -8.8125 10.6250 7.2500 10.1875
7.6250 -9.4375 11.2500 13.0625 9.2500 10.4375 11.7500 13.9375 7.3750 8.1250 -9.1250 -8.2500 -8.9375 9.2500 9.5000 -10.6250
9.6250 10.4375 -8.9375 9.0000 -8.0625 -13.9375 7.1875 -10.8125 -11.0625 -9.4375 -9.6250 7.8750 -11.1250 11.9375 10.5000 -8.8125
0 0 0 0 0 0 0 0 0 0 0 0 0 0 0 0
0 0 0 0 0 0 0 0 0 0 0 0 0 0 0 0
0 0 0 0 0 0 0 0 0 0 0 0 0 0 0 0
0 0 0 0 0 0 0 0 0 0 0 0 0 0 0 0
0 0 0 0 0 0 0 0 0 0 0 0 0 0 0 0
0 0 0 0 0 0 0 0 0 0 0 0 0 0 0 0
0 0 0 0 0 0 0 0 0 0 0 0 0 0 0 0
0 0 0 0 0 0 0 0 0 0 0 0 0 0 0 0
0 0 0 0 0 0 0 0 0 0 0 0 0 0 0 0
0 0 0 0 0 0 0 0 0 0 0 0 0 0 0 0
0 0 0 0 0 0 0 0 0 0 0 0 0 0 0 0
0 0 0 0 0 0 0 0 0 0 0 0 0 0 0 0
0 0 0 0 0 0 0 0 0 0 0 0 0 0 0 0
0 0 0 0 0 0 0 0 0 0 0 0 0 0 0 0
0 0 0 0 0 0 0 0 0 0 0 0 0 0 0 0
0 0 0 0 0 0 0 0 0 0 0 0 0 0 0 0
0 0 0 0 0 0 0 0 0 0 0 0 0 0 0 0
0 0 0 0 0 0 0 0 0 0 0 0 0 0 0 0
0 0 0 0 0 0 0 0 0 0 0 0 0 0 0 0
0 0 0 0 0 0 0 0 0 0 0 0 0 0 0 0
0 0 0 0 0 0 0 0 0 0 0 0 0 0 0 0
0 0 0 0 0 0 0 0 0 0 0 0 0 0 0 0
0 0 0 0 0 0 0 0 0 0 0 0 0 0 0 0
0 0 0 0 0 0 0 0 0 0 0 0 0 0 0 0
93 128
-14.6875 -13.5000 -12.2500 -9.6875 10.3750 -13.6875 -16.5000 -14.1250 11.1250 -13.8125 13.6875 11.2500 -12.0625 13.1875 -9.4375 -12.2500
-12.0625 13.2500 -14.6875 11.1875 -11.8125 14.5000 -7.8750 14.3750 11.9375 -13.4375 -12.0000 12.9375 11.8125 -11.5000 13.4375 -13.1875
8.6875 17.8750 -14.0000 -11.7500 10.5000 12.6875 -13.9375 11.1250 12.8750 -13.1875 12.5000 -12.6250 12.9375 12.4375 -12.6250 16.1875
10.8125 11.0000 14.3750 -12.9375 -12.0625 9.6875 -12.1250 12.3750 -10.2500 -14.1250 12.5000 14.6250 10.3125 -13.6875 -11.8125 -13.5625
-14.3750 11.2500 11.2500 12.5000 12.6875 -13.5625 -13.7500 12.0000 13.0625 13.9375 12.6250 -11.5625 14.0000 14.0000 10.3125 11.0625
-13.5000 12.7500 13.8750 -10.4375 -11.8750 -13.9375 12.6875 -10.2500 14.1250 -14.5000 -13.5625 -15.1250 -14.2500 11.0000 11.8750 13.1250
14.8750 -12.4375 9.8125 11.0000 14.7500 13.5000 10.8750 11.0000 12.8125 12.3125 -11.7500 -12.1875 -12.1250 13.1875 10.5625 -13.8125
12.4375 11.2500 -12.0000 9.5000 -14.0000 -11.8750 12.6875 -11.0625 -12.7500 -11.8125 -13.4375 12.0000 -10.5000 10.6250 11.2500 -13.7500
0 0 0 0 0 0 0 0 0 0 0 0 0 0 0 0
0 0 0 0 0 0 0 0 0 0 0 0 0 0 0 0
0 0 0 0 0 0 0 0 0 0 0 0 0 0 0 0
0 0 0 0 0 0 0 0 0 0 0 0 0 0 0 0
0 0 0 0 0 0 0 0 0 0 0 0 0 0 0 0
0 0 0 0 0 0 0 0 0 0 0 0 0 0 0 0
0 0 0 0 0 0 0 0 0 0 0 0 0 0 0 0
0 0 0 0 0 0 0 0 0 0 0 0 0 0 0 0
0 0 0 0 0 0 0 0 0 0 0 0 0 0 0 0
0 0 0 0 0 0 0 0 0 0 0 0 0 0 0 0
0 0 0 0 0 0 0 0 0 0 0 0 0 0 0 0
0 0 0 0 0 0 0 0 0 0 0 0 0 0 0 0
0 0 0 0 0 0 0 0 0 0 0 0 0 0 0 0
0 0 0 0 0 0 0 0 0 0 0 0 0 0 0 0
0 0 0 0 0 0 0 0 0 0 0 0 0 0 0 0
0 0 0 0 0 0 0 0 0 0 0 0 0 0 0 0
0 0 0 0 0 0 0 0 0 0 0 0 0 0 0 0
0 0 0 0 0 0 0 0 0 0 0 0 0 0 0 0
0 0 0 0 0 0 0 0 0 0 0 0 0 0 0 0
0 0 0 0 0 0 0 0 0 0 0 0 0 0 0 0
0 0 0 0 0 0 0 0 0 0 0 0 0 0 0 0
0 0 0 0 0 0 0 0 0 0 0 0 0 0 0 0
0 0 0 0 0 0 0 0 0 0 0 0 0 0 0 0
0 0 0 0 0 0 0 0 0 0 0 0 0 0 0 0
94 128
-11.7500 12.8125 8.5625 10.9375 12.6250 -12.1875 -9.0625 7.3125 8.1250 9.7500 12.0000 -6.6250 10.1875 -8.8125 -6.9375 10.3750
11.1875 -10.6250 9.0000 -7.0625 10.1875 -12.3750 -8.6250 -7.8750 10.8125 -14.1875 9.7500 9.3125 8.8125 10.9375 10.7500 12.4375
7.5000 -8.7500 11.5625 -11.2500 11.2500 -9.5625 -7.5625 -11.0000 8.3750 9.2500 -12.3750 -7.8125 9.8125 11.5000 -9.6250 9.0625
10.8750 -11.2500 9.9375 9.1875 -11.3750 13.0625 10.7500 8.0625 9.1875 7.6875 -12.5625 11.0000 7.8750 -9.9375 9.2500 8.4375
13.2500 11.1250 -12.1875 13.2500 -9.4375 -9.3125 -9.8750 -9.8750 -10.5000 7.7500 -7.3125 -9.5625 -6.1875 -10.5625 -11.3125 -6.1875
-13.7500 7.9375 12.8750 7.3750 -11.2500 -12.6250 9.0000 13.8750 -9.5625 9.3750 11.8750 -8.9375 -9.3125 7.5000 14.0000 8.5625
10.4375 10.6250 15.0000 8.6875 12.8125 -12.9375 -11.7500 -10.1250 12.0000 -8.8125 -9.5000 9.4375 10.6875 11.6250 13.1875 -11.7500
8.5625 -8.8750 -10.8125 9.5000 -9.7500 8.1250 13.0000 -8.7500 8.5000 10.8750 10.1250 10.8750 10.6875 -9.1875 9.9375 -9.8750
0 0 0 0 0 0 0 0 0 0 0 0 0 0 0 0
0 0 0 0 0 0 0 0 0 0 0 0 0 0 0 0
0 0 0 0 0 0 0 0 0 0 0 0 0 0 0 0
0 0 0 0 0 0 0 0 0 0 0 0 0 0 0 0
0 0 0 0 0 0 0 0 0 0 0 0 0 0 0 0
0 0 0 0 0 0 0 0 0 0 0 0 0 0 0 0
0 0 0 0 0 0 0 0 0 0 0 0 0 0 0 0
0 0 0 0 0 0 0 0 0 0 0 0 0 0 0 0
0 0 0 0 0 0 0 0 0 0 0 0 0 0 0 0
0 0 0 0 0 0 0 0 0 0 0 0 0 0 0 0
0 0 0 0 0 0 0 0 0 0 0 0 0 0 0 0
0 0 0 0 0 0 0 0 0 0 0 0 0 0 0 0
0 0 0 0 0 0 0 0 0 0 0 0 0 0 0 0
0 0 0 0 0 0 0 0 0 0 0 0 0 0 0 0
0 0 0 0 0 0 0 0 0 0 0 0 0 0 0 0
0 0 0 0 0 0 0 0 0 0 0 0 0 0 0 0
0 0 0 0 0 0 0 0 0 0 0 0 0 0 0 0
0 0 0 0 0 0 0 0 0 0 0 0 0 0 0 0
0 0 0 0 0 0 0 0 0 0 0 0 0 0 0 0
0 0 0 0 0 0 0 0 0 0 0 0 0 0 0 0
0 0 0 0 0 0 0 0 0 0 0 0 0 0 0 0
0 0 0 0 0 0 0 0 0 0 0 0 0 0 0 0
0 0 0 0 0 0 0 0 0 0 0 0 0 0 0 0
0 0 0 0 0 0 0 0 0 0 0 0 0 0 0 0
94 128
-14.3125 12.2500 12.0000 11.4375 12.6875 -10.9375 -9.1875 9.2500 12.0000 10.5625 14.8125 -14.6875 11.2500 -11.8750 -11.8125 9.9375
12.3125 -13.0625 10.1875 -10.6875 11.6250 -15.0000 -11.8125 -13.5000 14.2500 -10.6875 11.1250 16.3750 14.8125 14.5625 11.3750 11.3750
10.8125 -15.0000 13.5625 -11.3125 11.1250 -12.8750 -10.8750 -13.0625 16.3125 13.0000 -10.0000 -10.6250 13.0000 14.1250 -13.5000 11.3125
11.9375 -15.0000 11.0625 12.7500 -13.9375 15.0625 13.5625 14.1875 9.8750 11.1875 -12.3750 11.6250 13.8750 -13.5000 10.6875 10.8750
13.3750 11.1250 -12.3125 12.1875 -12.1875 -11.4375 -12.2500 -11.8750 -14.1875 14.3750 -14.3750 -11.7500 -13.9375 -11.8750 -13.8750 -14.0000
-12.3750 14.5000 13.1875 10.8125 -13.9375 -13.6875 12.4375 12.6250 -9.6250 11.5625 16.0000 -13.1250 -10.3750 14.0000 11.1875 10.6875
11.9375 14.4375 13.6250 16.1875 11.6250 -11.8125 -15.8750 -11.8750 13.3125 -11.1875 -11.7500 14.3750 14.1250 11.1875 14.1875 -10.6250
11.9375 -11.3125 -10.8750 11.8750 -13.5000 13.3125 13.6250 -8.4375 15.5625 10.1875 11.4375 13.0625 11.1250 -9.9375 10.1250 -12.7500
0 0 0 0 0 0 0 0 0 0 0 0 0 0 0 0
0 0 0 0 0 0 0 0 0 0 0 0 0 0 0 0
0 0 0 0 0 0 0 0 0 0 0 0 0 0 0 0
0 0 0 0 0 0 0 0 0 0 0 0 0 0 0 0
0 0 0 0 0 0 0 0 0 0 0 0 0 0 0 0
0 0 0 0 0 0 0 0 0 0 0 0 0 0 0 0
0 0 0 0 0 0 0 0 0 0 0 0 0 0 0 0
0 0 0 0 0 0 0 0 0 0 0 0 0 0 0 0
0 0 0 0 0 0 0 0 0 0 0 0 0 0 0 0
0 0 0 0 0 0 0 0 0 0 0 0 0 0 0 0
0 0 0 0 0 0 0 0 0 0 0 0 0 0 0 0
0 0 0 0 0 0 0 0 0 0 0 0 0 0 0 0
0 0 0 0 0 0 0 0 0 0 0 0 0 0 0 0
0 0 0 0 0 0 0 0 0 0 0 0 0 0 0 0
0 0 0 0 0 0 0 0 0 0 0 0 0 0 0 0
0 0 0 0 0 0 0 0 0 0 0 0 0 0 0 0
0 0 0 0 0 0 0 0 0 0 0 0 0 0 0 0
0 0 0 0 0 0 0 0 0 0 0 0 0 0 0 0
0 0 0 0 0 0 0 0 0 0 0 0 0 0 0 0
0 0 0 0 0 0 0 0 0 0 0 0 0 0 0 0
0 0 0 0 0 0 0 0 0 0 0 0 0 0 0 0
0 0 0 0 0 0 0 0 0 0 0 0 0 0 0 0
0 0 0 0 0 0 0 0 0 0 0 0 0 0 0 0
0 0 0 0 0 0 0 0 0 0 0 0 0 0 0 0
95 128
-8.1250 10.0625 -8.5625 10.5000 10.1250 11.3125 -11.5625 10.6875 12.3750 -9.5625 -8.7500 -7.8125 -13.7500 12.4375 -9.0000 -11.0625
10.2500 -8.6250 -7.4375 -9.0625 -10.8750 -6.5625 11.8750 12.3125 -14.0625 11.0625 11.0625 -10.9375 9.3750 -10.5625 10.0000 -10.4375
11.2500 -10.2500 9.3125 12.6250 -13.0625 9.5625 8.8125 9.0625 12.3750 11.4375 -11.5625 11.7500 -11.5625 8.6875 -14.0625 -9.8125
12.3750 -10.8125 -8.0625 7.0000 10.4375 11.0625 8.9375 13.5000 -6.5625 13.1875 9.1875 10.5000 -8.1250 -10.2500 -9.8125 10.5625
-10.5625 10.5000 -13.1250 -10.8750 10.6875 7.3125 -8.7500 -12.1250 -10.3750 11.7500 7.5625 13.3750 9.8125 10.7500 6.2500 -11.6250
-9.7500 13.0000 -10.1875 10.7500 8.6250 -11.3750 -6.8125 11.0625 -7.8125 10.4375 -8.8750 -7.5625 11.3125 -10.0000 11.7500 -7.8750
-10.3750 9.6875 -9.6250 9.3125 13.1875 8.4375 -10.3750 -11.3125 -10.3750 -8.5625 8.3125 -8.3125 7.2500 -6.3125 8.5000 -9.1875
12.6250 -8.8750 8.7500 11.5000 9.5000 11.6875 -11.1250 -9.0000 -11.4375 11.0625 -11.3125 10.1875 -9.5625 11.9375 11.2500 -9.3750
0 0 0 0 0 0 0 0 0 0 0 0 0 0 0 0
0 0 0 0 0 0 0 0 0 0 0 0 0 0 0 0
0 0 0 0 0 0 0 0 0 0 0 0 0 0 0 0
0 0 0 0 0 0 0 0 0 0 0 0 0 0 0 0
0 0 0 0 0 0 0 0 0 0 0 0 0 0 0 0
0 0 0 0 0 0 0 0 0 0 0 0 0 0 0 0
0 0 0 0 0 0 0 0 0 0 0 0 0 0 0 0
0 0 0 0 0 0 0 0 0 0 0 0 0 0 0 0
0 0 0 0 0 0 0 0 0 0 0 0 0 0 0 0
0 0 0 0 0 0 0 0 0 0 0 0 0 0 0 0
0 0 0 0 0 0 0 0 0 0 0 0 0 0 0 0
0 0 0 0 0 0 0 0 0 0 0 0 0 0 0 0
0 0 0 0 0 0 0 0 0 0 0 0 0 0 0 0
0 0 0 0 0 0 0 0 0 0 0 0 0 0 0 0
0 0 0 0 0 0 0 0 0 0 0 0 0 0 0 0
0 0 0 0 0 0 0 0 0 0 0 0 0 0 0 0
0 0 0 0 0 0 0 0 0 0 0 0 0 0 0 0
0 0 0 0 0 0 0 0 0 0 0 0 0 0 0 0
0 0 0 0 0 0 0 0 0 0 0 0 0 0 0 0
0 0 0 0 0 0 0 0 0 0 0 0 0 0 0 0
0 0 0 0 0 0 0 0 0 0 0 0 0 0 0 0
0 0 0 0 0 0 0 0 0 0 0 0 0 0 0 0
0 0 0 0 0 0 0 0 0 0 0 0 0 0 0 0
0 0 0 0 0 0 0 0 0 0 0 0 0 0 0 0
95 128
-12.8125 14.1250 -13.9375 13.9375 11.9375 10.6250 -12.5000 11.1875 13.7500 -9.7500 -13.1250 -12.3125 -13.6250 13.9375 -10.0000 -12.3125
11.6250 -14.6250 -12.9375 -14.1875 -12.5000 -13.4375 14.6250 12.2500 -15.1250 11.5000 14.6875 -11.5625 9.6875 -10.4375 11.6875 -9.1250
12.4375 -12.6875 11.0000 11.7500 -14.7500 13.9375 9.4375 11.1875 11.7500 10.3125 -14.7500 12.3750 -13.3125 11.8750 -12.4375 -13.3125
13.2500 -10.6875 -10.1875 11.1875 11.3125 12.9375 12.5625 13.0000 -10.5000 11.3750 12.3125 12.4375 -14.3125 -13.8125 -15.4375 12.5000
-14.1875 12.3750 -12.4375 -11.6250 12.8750 8.3750 -12.5625 -14.1875 -12.5625 9.5000 12.8125 13.3750 13.6250 12.5625 11.3750 -12.8125
-12.8750 13.5000 -14.1250 14.1250 12.5000 -12.5000 -10.2500 11.0625 -14.0625 11.0625 -14.8125 -8.9375 13.1250 -9.1250 12.3125 -11.1875
-15.1875 13.1875 -13.9375 13.2500 11.8750 12.0000 -13.9375 -10.6875 -13.2500 -11.5625 13.4375 -12.2500 10.7500 -14.7500 13.9375 -11.3750
9.3750 -12.3750 12.5000 13.5000 13.0625 12.7500 -14.1875 -12.6875 -13.6250 15.4375 -10.8125 11.3125 -10.8125 12.8750 15.3125 -10.6875
0 0 0 0 0 0 0 0 0 0 0 0 0 0 0 0
0 0 0 0 0 0 0 0 0 0 0 0 0 0 0 0
0 0 0 0 0 0 0 0 0 0 0 0 0 0 0 0
0 0 0 0 0 0 0 0 0 0 0 0 0 0 0 0
0 0 0 0 0 0 0 0 0 0 0 0 0 0 0 0
0 0 0 0 0 0 0 0 0 0 0 0 0 0 0 0
0 0 0 0 0 0 0 0 0 0 0 0 0 0 0 0
0 0 0 0 0 0 0 0 0 0 0 0 0 0 0 0
0 0 0 0 0 0 0 0 0 0 0 0 0 0 0 0
0 0 0 0 0 0 0 0 0 0 0 0 0 0 0 0
0 0 0 0 0 0 0 0 0 0 0 0 0 0 0 0
0 0 0 0 0 0 0 0 0 0 0 0 0 0 0 0
0 0 0 0 0 0 0 0 0 0 0 0 0 0 0 0
0 0 0 0 0 0 0 0 0 0 0 0 0 0 0 0
0 0 0 0 0 0 0 0 0 0 0 0 0 0 0 0
0 0 0 0 0 0 0 0 0 0 0 0 0 0 0 0
0 0 0 0 0 0 0 0 0 0 0 0 0 0 0 0
0 0 0 0 0 0 0 0 0 0 0 0 0 0 0 0
0 0 0 0 0 0 0 0 0 0 0 0 0 0 0 0
0 0 0 0 0 0 0 0 0 0 0 0 0 0 0 0
0 0 0 0 0 0 0 0 0 0 0 0 0 0 0 0
0 0 0 0 0 0 0 0 0 0 0 0 0 0 0 0
0 0 0 0 0 0 0 0 0 0 0 0 0 0 0 0
0 0 0 0 0 0 0 0 0 0 0 0 0 0 0 0
