42
33 128
-9.5000 -9.1250 12.3750 8.1250 -5.6250 -12.5000 -9.0000 -10.1250 -8.8125 7.9375 10.1875 4.4375 -14.5625 -12.9375 -12.7500 -4.9375
-8.6875 10.1250 13.9375 11.0625 -10.0625 -13.8750 -8.0000 -12.1875 -11.4375 10.9375 -9.6250 6.5000 -12.6250 7.9375 -7.5625 5.0625
10.1875 12.6250 -7.3750 -9.8750 -11.1250 10.3750 -12.2500 8.8750 8.6250 9.9375 -10.4375 -13.1875 -13.5000 -12.0000 -10.6875 -8.6875
12.3750 -13.0000 -10.9375 -10.2500 -12.3750 -12.3750 -12.0625 -11.3750 8.6875 -11.1875 10.7500 13.0000 -11.6250 12.0000 -9.1250 7.5625
-4.8750 -9.7500 11.6250 7.4375 -8.1250 -5.9375 -9.6875 8.5000 -9.3125 8.9375 11.6875 10.0000 -12.5000 -7.2500 -17.5625 10.2500
-9.5000 11.1875 9.7500 11.1875 -10.1250 -5.5000 -12.3125 -5.7500 -16.6250 14.0625 -10.1250 11.9375 -14.6875 14.5000 -11.7500 8.9375
11.2500 6.8125 -11.0625 -7.3125 -11.1875 11.0625 -8.8750 -10.8750 11.3125 9.4375 -7.6250 -6.4375 -12.3750 -12.8750 -15.2500 10.9375
11.1875 -10.5000 -10.2500 -6.0000 -14.6875 -8.6250 -11.6875 -11.3125 10.6875 -6.5000 7.6875 10.9375 -10.0000 10.1875 -8.1250 11.1875
0 0 0 0 0 0 0 0 0 0 0 0 0 0 0 0
0 0 0 0 0 0 0 0 0 0 0 0 0 0 0 0
0 0 0 0 0 0 0 0 0 0 0 0 0 0 0 0
0 0 0 0 0 0 0 0 0 0 0 0 0 0 0 0
0 0 0 0 0 0 0 0 0 0 0 0 0 0 0 0
0 0 0 0 0 0 0 0 0 0 0 0 0 0 0 0
0 0 0 0 0 0 0 0 0 0 0 0 0 0 0 0
0 0 0 0 0 0 0 0 0 0 0 0 0 0 0 0
0 0 0 0 0 0 0 0 0 0 0 0 0 0 0 0
0 0 0 0 0 0 0 0 0 0 0 0 0 0 0 0
0 0 0 0 0 0 0 0 0 0 0 0 0 0 0 0
0 0 0 0 0 0 0 0 0 0 0 0 0 0 0 0
0 0 0 0 0 0 0 0 0 0 0 0 0 0 0 0
0 0 0 0 0 0 0 0 0 0 0 0 0 0 0 0
0 0 0 0 0 0 0 0 0 0 0 0 0 0 0 0
0 0 0 0 0 0 0 0 0 0 0 0 0 0 0 0
0 0 0 0 0 0 0 0 0 0 0 0 0 0 0 0
0 0 0 0 0 0 0 0 0 0 0 0 0 0 0 0
0 0 0 0 0 0 0 0 0 0 0 0 0 0 0 0
0 0 0 0 0 0 0 0 0 0 0 0 0 0 0 0
0 0 0 0 0 0 0 0 0 0 0 0 0 0 0 0
0 0 0 0 0 0 0 0 0 0 0 0 0 0 0 0
0 0 0 0 0 0 0 0 0 0 0 0 0 0 0 0
0 0 0 0 0 0 0 0 0 0 0 0 0 0 0 0
33 128
-12.0625 -15.3750 11.6250 11.0625 -9.2500 -9.1250 -16.0000 -12.8750 -10.2500 12.5625 13.1250 14.3125 -11.5625 -10.8125 -16.0000 -15.5625
-12.4375 10.9375 8.4375 10.0625 -12.3125 -13.0000 -11.8750 -12.3750 -12.6250 12.5000 -13.8125 7.0625 -10.5000 14.2500 -14.5625 18.9375
10.6875 13.9375 -14.7500 -9.8125 -13.0625 16.7500 -12.7500 13.8125 8.0000 8.7500 -16.0625 -15.8750 -10.0000 -18.5625 -11.3125 -10.2500
12.1250 -12.8750 -13.6250 -14.2500 -15.2500 -12.2500 -10.1250 -10.5000 13.5625 -14.8125 17.6875 15.8750 -14.1250 10.0625 -9.5625 10.5000
-14.5625 -11.6250 11.2500 14.5000 -12.8125 -14.7500 -15.4375 13.5625 -10.7500 17.9375 15.7500 18.0000 -16.3125 -9.7500 -14.5625 3.9375
-13.6250 10.9375 12.3125 11.8125 -12.3750 -15.3125 -11.3750 -12.1875 -9.7500 13.8125 -13.8750 15.2500 -16.5625 12.3125 -10.8125 6.4375
10.6250 11.6875 -14.9375 -13.0000 -16.0000 9.5000 -13.4375 -14.6875 11.3125 13.7500 -12.7500 -11.0000 -12.7500 -9.8750 -11.6250 13.3750
18.8750 -11.3125 -16.8125 -14.6250 -11.9375 -12.6250 -13.0000 -12.7500 6.3750 -14.0625 13.4375 10.8125 -14.1875 16.8125 -13.5625 13.5625
0 0 0 0 0 0 0 0 0 0 0 0 0 0 0 0
0 0 0 0 0 0 0 0 0 0 0 0 0 0 0 0
0 0 0 0 0 0 0 0 0 0 0 0 0 0 0 0
0 0 0 0 0 0 0 0 0 0 0 0 0 0 0 0
0 0 0 0 0 0 0 0 0 0 0 0 0 0 0 0
0 0 0 0 0 0 0 0 0 0 0 0 0 0 0 0
0 0 0 0 0 0 0 0 0 0 0 0 0 0 0 0
0 0 0 0 0 0 0 0 0 0 0 0 0 0 0 0
0 0 0 0 0 0 0 0 0 0 0 0 0 0 0 0
0 0 0 0 0 0 0 0 0 0 0 0 0 0 0 0
0 0 0 0 0 0 0 0 0 0 0 0 0 0 0 0
0 0 0 0 0 0 0 0 0 0 0 0 0 0 0 0
0 0 0 0 0 0 0 0 0 0 0 0 0 0 0 0
0 0 0 0 0 0 0 0 0 0 0 0 0 0 0 0
0 0 0 0 0 0 0 0 0 0 0 0 0 0 0 0
0 0 0 0 0 0 0 0 0 0 0 0 0 0 0 0
0 0 0 0 0 0 0 0 0 0 0 0 0 0 0 0
0 0 0 0 0 0 0 0 0 0 0 0 0 0 0 0
0 0 0 0 0 0 0 0 0 0 0 0 0 0 0 0
0 0 0 0 0 0 0 0 0 0 0 0 0 0 0 0
0 0 0 0 0 0 0 0 0 0 0 0 0 0 0 0
0 0 0 0 0 0 0 0 0 0 0 0 0 0 0 0
0 0 0 0 0 0 0 0 0 0 0 0 0 0 0 0
0 0 0 0 0 0 0 0 0 0 0 0 0 0 0 0
34 128
-12.0000 11.8125 10.9375 -2.8125 -11.5000 12.7500 10.1250 -10.5625 13.2500 12.5000 -9.4375 10.0625 -11.2500 -5.7500 -8.0625 8.0625
7.0000 -9.6250 -6.4375 -10.1250 11.3125 -6.6250 -8.0625 13.8125 7.5000 12.5625 11.7500 12.2500 10.9375 8.5000 10.0000 -11.0625
11.2500 -6.3750 -13.6250 -9.7500 8.0625 -8.8750 -4.1250 -14.0000 -10.0625 -11.0000 10.0625 -5.6250 11.0000 5.1875 -6.2500 -11.5625
-10.0625 11.6250 8.1250 -8.3125 -14.4375 13.2500 13.5625 14.2500 -6.8750 -2.3750 -4.8750 -11.5625 -9.8750 -10.7500 -12.8750 -7.1875
-10.6250 6.1250 11.5625 -6.5625 -10.3125 9.7500 7.2500 11.8125 6.8750 9.5625 -9.3750 13.5625 -10.0000 -7.5625 -7.3125 -6.0625
13.4375 -15.9375 -8.2500 -6.6875 12.5625 -12.7500 -10.0000 11.1875 12.8125 11.9375 11.2500 9.8750 5.4375 8.1250 9.1250 -3.9375
7.8125 -5.5625 -16.1875 -9.8125 10.5625 -12.1250 -15.6250 13.3750 -12.3750 -10.6875 5.8125 -10.8125 10.6250 7.4375 -12.8750 9.5000
-13.0625 11.4375 10.0000 -4.6875 -10.8125 12.0000 4.6875 10.7500 -8.5625 -14.0625 -11.8750 -10.6875 -9.3750 -8.7500 -14.6250 -13.7500
0 0 0 0 0 0 0 0 0 0 0 0 0 0 0 0
0 0 0 0 0 0 0 0 0 0 0 0 0 0 0 0
0 0 0 0 0 0 0 0 0 0 0 0 0 0 0 0
0 0 0 0 0 0 0 0 0 0 0 0 0 0 0 0
0 0 0 0 0 0 0 0 0 0 0 0 0 0 0 0
0 0 0 0 0 0 0 0 0 0 0 0 0 0 0 0
0 0 0 0 0 0 0 0 0 0 0 0 0 0 0 0
0 0 0 0 0 0 0 0 0 0 0 0 0 0 0 0
0 0 0 0 0 0 0 0 0 0 0 0 0 0 0 0
0 0 0 0 0 0 0 0 0 0 0 0 0 0 0 0
0 0 0 0 0 0 0 0 0 0 0 0 0 0 0 0
0 0 0 0 0 0 0 0 0 0 0 0 0 0 0 0
0 0 0 0 0 0 0 0 0 0 0 0 0 0 0 0
0 0 0 0 0 0 0 0 0 0 0 0 0 0 0 0
0 0 0 0 0 0 0 0 0 0 0 0 0 0 0 0
0 0 0 0 0 0 0 0 0 0 0 0 0 0 0 0
0 0 0 0 0 0 0 0 0 0 0 0 0 0 0 0
0 0 0 0 0 0 0 0 0 0 0 0 0 0 0 0
0 0 0 0 0 0 0 0 0 0 0 0 0 0 0 0
0 0 0 0 0 0 0 0 0 0 0 0 0 0 0 0
0 0 0 0 0 0 0 0 0 0 0 0 0 0 0 0
0 0 0 0 0 0 0 0 0 0 0 0 0 0 0 0
0 0 0 0 0 0 0 0 0 0 0 0 0 0 0 0
0 0 0 0 0 0 0 0 0 0 0 0 0 0 0 0
34 128
-6.1875 17.6875 13.3125 -13.0625 -11.1250 5.7500 14.7500 -10.0625 10.5000 9.1875 -11.5625 14.6875 -12.6875 -14.4375 -15.9375 10.5000
8.2500 -12.6875 -8.7500 -12.7500 13.8750 -13.4375 -10.0625 14.2500 5.2500 12.0000 14.1250 14.0000 10.2500 9.6875 8.1250 -14.1875
11.3750 -16.3125 -18.1250 -14.6250 15.4375 -8.2500 -14.8750 -17.8750 -10.7500 -9.8750 8.1875 -10.6875 10.3750 12.5000 -14.6250 -12.6250
-12.3750 16.5625 13.6875 -11.0000 -12.5000 8.0625 16.8750 8.8125 -12.0625 -14.3750 -6.8750 -13.6875 -9.0625 -16.9375 -12.0625 -13.5000
-8.9375 7.8750 9.5000 -9.6875 -15.8125 13.3750 12.6875 9.0625 14.4375 9.3125 -9.4375 8.4375 -15.0625 -18.0000 -10.3125 -13.5000
12.6875 -16.3125 -21.6250 -13.2500 12.5625 -13.8125 -13.3125 15.5000 12.4375 11.5625 17.5000 12.0000 13.8125 14.8750 16.3125 -9.3125
15.3125 -9.3750 -15.1875 -10.5000 16.6875 -12.9375 -17.1875 5.7500 -13.6250 -21.0000 15.3750 -13.0000 11.6250 15.9375 -12.3125 12.9375
-13.9375 11.1250 13.1875 -10.0625 -10.9375 12.0000 9.1875 15.3125 -16.1250 -7.7500 -13.1875 -16.4375 -7.0000 -12.4375 -12.3125 -16.0000
0 0 0 0 0 0 0 0 0 0 0 0 0 0 0 0
0 0 0 0 0 0 0 0 0 0 0 0 0 0 0 0
0 0 0 0 0 0 0 0 0 0 0 0 0 0 0 0
0 0 0 0 0 0 0 0 0 0 0 0 0 0 0 0
0 0 0 0 0 0 0 0 0 0 0 0 0 0 0 0
0 0 0 0 0 0 0 0 0 0 0 0 0 0 0 0
0 0 0 0 0 0 0 0 0 0 0 0 0 0 0 0
0 0 0 0 0 0 0 0 0 0 0 0 0 0 0 0
0 0 0 0 0 0 0 0 0 0 0 0 0 0 0 0
0 0 0 0 0 0 0 0 0 0 0 0 0 0 0 0
0 0 0 0 0 0 0 0 0 0 0 0 0 0 0 0
0 0 0 0 0 0 0 0 0 0 0 0 0 0 0 0
0 0 0 0 0 0 0 0 0 0 0 0 0 0 0 0
0 0 0 0 0 0 0 0 0 0 0 0 0 0 0 0
0 0 0 0 0 0 0 0 0 0 0 0 0 0 0 0
0 0 0 0 0 0 0 0 0 0 0 0 0 0 0 0
0 0 0 0 0 0 0 0 0 0 0 0 0 0 0 0
0 0 0 0 0 0 0 0 0 0 0 0 0 0 0 0
0 0 0 0 0 0 0 0 0 0 0 0 0 0 0 0
0 0 0 0 0 0 0 0 0 0 0 0 0 0 0 0
0 0 0 0 0 0 0 0 0 0 0 0 0 0 0 0
0 0 0 0 0 0 0 0 0 0 0 0 0 0 0 0
0 0 0 0 0 0 0 0 0 0 0 0 0 0 0 0
0 0 0 0 0 0 0 0 0 0 0 0 0 0 0 0
35 128
-14.1250 9.4375 -12.9375 13.2500 -10.0000 -11.0000 -10.5000 13.7500 -5.5625 8.8125 -5.6250 10.7500 -7.7500 -10.0625 -6.9375 12.0625
-16.5625 -7.0000 6.4375 -6.0000 -12.4375 6.8125 7.5625 -7.4375 -8.6250 9.5000 7.5625 7.1875 -10.6875 -6.8750 9.0000 10.5000
11.0625 -11.1250 7.8750 -12.1250 -8.8125 6.9375 -11.9375 14.6250 7.7500 10.3125 12.0000 13.1250 -10.7500 -10.2500 -12.5625 10.3125
6.8125 9.8750 -12.8750 12.0000 -8.3750 11.0625 14.8125 11.3750 5.6250 -10.6250 -11.0625 -12.1250 -6.5625 -9.8750 15.5625 6.5625
-7.8125 14.1250 -6.3125 7.6875 -9.1875 -2.9375 -9.5000 11.6250 -13.2500 10.5625 -8.3125 11.3125 -16.1250 -8.2500 -10.8125 7.1250
-10.1875 -9.8125 13.6250 -16.5625 -11.8125 9.9375 14.9375 -10.0625 -8.6875 10.8125 10.5000 7.0000 -14.1875 -11.5625 8.6250 10.0625
12.6875 -10.5000 11.0625 -2.3750 -5.9375 15.1250 -8.0625 10.1250 9.1875 11.3750 7.6875 8.1250 -15.5625 -16.0000 -4.6875 9.8125
8.0625 10.9375 -7.9375 8.6250 -16.9375 12.0000 10.8125 10.4375 9.5625 -6.3125 -12.0625 -10.4375 -6.5625 -9.3125 10.0625 9.6875
0 0 0 0 0 0 0 0 0 0 0 0 0 0 0 0
0 0 0 0 0 0 0 0 0 0 0 0 0 0 0 0
0 0 0 0 0 0 0 0 0 0 0 0 0 0 0 0
0 0 0 0 0 0 0 0 0 0 0 0 0 0 0 0
0 0 0 0 0 0 0 0 0 0 0 0 0 0 0 0
0 0 0 0 0 0 0 0 0 0 0 0 0 0 0 0
0 0 0 0 0 0 0 0 0 0 0 0 0 0 0 0
0 0 0 0 0 0 0 0 0 0 0 0 0 0 0 0
0 0 0 0 0 0 0 0 0 0 0 0 0 0 0 0
0 0 0 0 0 0 0 0 0 0 0 0 0 0 0 0
0 0 0 0 0 0 0 0 0 0 0 0 0 0 0 0
0 0 0 0 0 0 0 0 0 0 0 0 0 0 0 0
0 0 0 0 0 0 0 0 0 0 0 0 0 0 0 0
0 0 0 0 0 0 0 0 0 0 0 0 0 0 0 0
0 0 0 0 0 0 0 0 0 0 0 0 0 0 0 0
0 0 0 0 0 0 0 0 0 0 0 0 0 0 0 0
0 0 0 0 0 0 0 0 0 0 0 0 0 0 0 0
0 0 0 0 0 0 0 0 0 0 0 0 0 0 0 0
0 0 0 0 0 0 0 0 0 0 0 0 0 0 0 0
0 0 0 0 0 0 0 0 0 0 0 0 0 0 0 0
0 0 0 0 0 0 0 0 0 0 0 0 0 0 0 0
0 0 0 0 0 0 0 0 0 0 0 0 0 0 0 0
0 0 0 0 0 0 0 0 0 0 0 0 0 0 0 0
0 0 0 0 0 0 0 0 0 0 0 0 0 0 0 0
35 128
-9.9375 10.6875 -12.4375 16.5000 -13.5000 -9.1250 -12.5625 14.1250 -17.8125 11.7500 -19.6875 12.7500 -12.0625 -12.8125 -7.8125 15.8750
-14.7500 -16.0625 8.5625 -12.9375 -12.0000 14.5000 7.7500 -14.8750 -17.0000 14.0625 5.6875 13.1875 -8.0000 -10.5000 12.7500 17.1875
8.6250 -13.2500 10.8750 -17.8125 -10.6250 12.1250 -12.8125 10.6250 12.9375 10.0000 19.1875 11.5000 -16.4375 -12.4375 -14.5625 14.1250
10.6875 16.8125 -10.1250 12.4375 -12.3125 10.5000 14.3750 12.6875 12.1875 -11.1875 -13.9375 -12.3125 -8.3125 -12.1250 12.1250 13.0000
-13.1875 15.8125 -11.2500 12.6875 -10.8125 -11.8125 -9.6250 10.5000 -11.8125 11.3750 -17.5625 13.6875 -7.8125 -12.5000 -10.6875 14.6250
-14.2500 -14.1250 9.0000 -10.8750 -11.2500 13.3750 13.0625 -14.8125 -16.8125 14.9375 10.8750 13.0000 -12.3125 -14.5625 13.4375 14.1250
15.1875 -14.5625 18.2500 -11.8125 -12.1250 10.7500 -15.9375 13.5000 10.4375 10.9375 12.2500 12.1250 -8.3125 -10.7500 -12.7500 17.3125
12.6250 13.8750 -15.1875 17.5625 -16.1875 7.1875 8.8125 11.0000 13.0000 -12.6250 -15.8125 -16.0000 -12.6875 -13.0000 14.8750 15.5000
0 0 0 0 0 0 0 0 0 0 0 0 0 0 0 0
0 0 0 0 0 0 0 0 0 0 0 0 0 0 0 0
0 0 0 0 0 0 0 0 0 0 0 0 0 0 0 0
0 0 0 0 0 0 0 0 0 0 0 0 0 0 0 0
0 0 0 0 0 0 0 0 0 0 0 0 0 0 0 0
0 0 0 0 0 0 0 0 0 0 0 0 0 0 0 0
0 0 0 0 0 0 0 0 0 0 0 0 0 0 0 0
0 0 0 0 0 0 0 0 0 0 0 0 0 0 0 0
0 0 0 0 0 0 0 0 0 0 0 0 0 0 0 0
0 0 0 0 0 0 0 0 0 0 0 0 0 0 0 0
0 0 0 0 0 0 0 0 0 0 0 0 0 0 0 0
0 0 0 0 0 0 0 0 0 0 0 0 0 0 0 0
0 0 0 0 0 0 0 0 0 0 0 0 0 0 0 0
0 0 0 0 0 0 0 0 0 0 0 0 0 0 0 0
0 0 0 0 0 0 0 0 0 0 0 0 0 0 0 0
0 0 0 0 0 0 0 0 0 0 0 0 0 0 0 0
0 0 0 0 0 0 0 0 0 0 0 0 0 0 0 0
0 0 0 0 0 0 0 0 0 0 0 0 0 0 0 0
0 0 0 0 0 0 0 0 0 0 0 0 0 0 0 0
0 0 0 0 0 0 0 0 0 0 0 0 0 0 0 0
0 0 0 0 0 0 0 0 0 0 0 0 0 0 0 0
0 0 0 0 0 0 0 0 0 0 0 0 0 0 0 0
0 0 0 0 0 0 0 0 0 0 0 0 0 0 0 0
0 0 0 0 0 0 0 0 0 0 0 0 0 0 0 0
36 128
10.6875 -11.5000 14.2500 -12.0000 -12.1875 -6.0000 -12.0000 7.0000 5.4375 -6.4375 8.1250 11.2500 -8.2500 -13.0625 -8.5000 11.8125
10.8750 -8.5625 6.3125 -11.8125 -14.6875 13.8750 -12.2500 9.0000 5.5625 11.3125 15.5000 -10.3750 -7.2500 -10.2500 7.5000 11.2500
11.8125 -5.2500 -11.1250 -9.2500 -13.0625 15.0625 11.9375 -7.4375 6.8750 10.6875 -8.3125 10.1875 -6.1875 -5.1250 13.6875 3.1250
8.1875 -8.0000 -9.6250 -13.6250 -5.8750 15.1250 12.8125 17.1875 14.9375 13.6250 -6.5000 11.0625 -10.6250 -8.8125 -10.4375 5.4375
12.2500 -9.9375 7.7500 11.4375 -7.9375 -10.6875 -16.0000 10.5000 2.3125 -6.9375 9.0625 -9.6250 -11.4375 -12.2500 -8.0000 7.6250
11.6875 -10.9375 11.3750 12.0625 -6.9375 12.3750 -10.9375 -12.5625 11.7500 11.8125 9.5625 8.8125 -10.6875 -8.8125 7.7500 -8.5625
9.5000 -5.1250 -6.4375 5.9375 -11.5000 8.1875 6.3750 -15.0000 9.7500 10.1250 -14.8750 -9.0000 -12.7500 -10.2500 11.9375 12.5625
7.3750 -12.6250 -12.7500 9.3125 -11.3125 10.1250 13.1250 -7.8750 9.8125 11.0625 -11.7500 -6.9375 -7.5000 -13.8125 -12.2500 -9.5000
0 0 0 0 0 0 0 0 0 0 0 0 0 0 0 0
0 0 0 0 0 0 0 0 0 0 0 0 0 0 0 0
0 0 0 0 0 0 0 0 0 0 0 0 0 0 0 0
0 0 0 0 0 0 0 0 0 0 0 0 0 0 0 0
0 0 0 0 0 0 0 0 0 0 0 0 0 0 0 0
0 0 0 0 0 0 0 0 0 0 0 0 0 0 0 0
0 0 0 0 0 0 0 0 0 0 0 0 0 0 0 0
0 0 0 0 0 0 0 0 0 0 0 0 0 0 0 0
0 0 0 0 0 0 0 0 0 0 0 0 0 0 0 0
0 0 0 0 0 0 0 0 0 0 0 0 0 0 0 0
0 0 0 0 0 0 0 0 0 0 0 0 0 0 0 0
0 0 0 0 0 0 0 0 0 0 0 0 0 0 0 0
0 0 0 0 0 0 0 0 0 0 0 0 0 0 0 0
0 0 0 0 0 0 0 0 0 0 0 0 0 0 0 0
0 0 0 0 0 0 0 0 0 0 0 0 0 0 0 0
0 0 0 0 0 0 0 0 0 0 0 0 0 0 0 0
0 0 0 0 0 0 0 0 0 0 0 0 0 0 0 0
0 0 0 0 0 0 0 0 0 0 0 0 0 0 0 0
0 0 0 0 0 0 0 0 0 0 0 0 0 0 0 0
0 0 0 0 0 0 0 0 0 0 0 0 0 0 0 0
0 0 0 0 0 0 0 0 0 0 0 0 0 0 0 0
0 0 0 0 0 0 0 0 0 0 0 0 0 0 0 0
0 0 0 0 0 0 0 0 0 0 0 0 0 0 0 0
0 0 0 0 0 0 0 0 0 0 0 0 0 0 0 0
36 128
11.2500 -6.3750 14.1250 -13.4375 -13.4375 -15.3750 -11.8750 11.8125 9.8125 -11.6875 14.6250 10.3750 -11.3125 -16.3750 -13.2500 19.3125
13.3750 -13.2500 17.0000 -11.1875 -17.5625 14.5625 -10.0000 10.3125 11.5625 14.3750 12.3750 -17.8125 -8.9375 -14.5625 13.7500 10.3750
17.0000 -16.9375 -16.9375 -14.1250 -12.8125 13.1875 9.2500 -12.2500 15.5000 12.8750 -12.3750 8.6875 -8.1875 -10.5000 17.8125 12.0625
13.5000 -10.1875 -14.8750 -11.4375 -14.6250 15.8750 14.0625 11.7500 14.3750 10.8750 -15.4375 14.0000 -11.1875 -11.5625 -9.1875 13.4375
11.9375 -11.6250 11.9375 12.3125 -14.1875 -9.6250 -9.9375 9.3750 9.8750 -15.9375 11.1875 -12.3125 -14.6875 -12.0625 -14.0625 14.3125
9.3750 -13.8125 15.5000 13.1250 -16.1875 8.3125 -11.6875 -15.1250 15.0625 9.8125 12.8750 12.8750 -13.1875 -11.2500 7.0625 -15.1875
15.7500 -12.9375 -16.6875 13.0000 -13.5625 10.6875 7.6250 -15.8125 11.2500 11.3125 -14.8750 -11.9375 -13.1875 -10.3125 10.3125 13.6875
13.3125 -20.1875 -9.9375 11.2500 -14.0625 10.5000 9.8750 -15.4375 18.3125 12.6250 -14.0625 -14.0625 -14.4375 -13.5625 -9.9375 -13.7500
0 0 0 0 0 0 0 0 0 0 0 0 0 0 0 0
0 0 0 0 0 0 0 0 0 0 0 0 0 0 0 0
0 0 0 0 0 0 0 0 0 0 0 0 0 0 0 0
0 0 0 0 0 0 0 0 0 0 0 0 0 0 0 0
0 0 0 0 0 0 0 0 0 0 0 0 0 0 0 0
0 0 0 0 0 0 0 0 0 0 0 0 0 0 0 0
0 0 0 0 0 0 0 0 0 0 0 0 0 0 0 0
0 0 0 0 0 0 0 0 0 0 0 0 0 0 0 0
0 0 0 0 0 0 0 0 0 0 0 0 0 0 0 0
0 0 0 0 0 0 0 0 0 0 0 0 0 0 0 0
0 0 0 0 0 0 0 0 0 0 0 0 0 0 0 0
0 0 0 0 0 0 0 0 0 0 0 0 0 0 0 0
0 0 0 0 0 0 0 0 0 0 0 0 0 0 0 0
0 0 0 0 0 0 0 0 0 0 0 0 0 0 0 0
0 0 0 0 0 0 0 0 0 0 0 0 0 0 0 0
0 0 0 0 0 0 0 0 0 0 0 0 0 0 0 0
0 0 0 0 0 0 0 0 0 0 0 0 0 0 0 0
0 0 0 0 0 0 0 0 0 0 0 0 0 0 0 0
0 0 0 0 0 0 0 0 0 0 0 0 0 0 0 0
0 0 0 0 0 0 0 0 0 0 0 0 0 0 0 0
0 0 0 0 0 0 0 0 0 0 0 0 0 0 0 0
0 0 0 0 0 0 0 0 0 0 0 0 0 0 0 0
0 0 0 0 0 0 0 0 0 0 0 0 0 0 0 0
0 0 0 0 0 0 0 0 0 0 0 0 0 0 0 0
37 128
-11.3750 10.3750 10.2500 -9.6875 7.3750 -14.8125 -10.5000 11.9375 9.5625 15.1875 14.7500 11.7500 8.1250 -4.9375 -12.1875 9.9375
-7.3125 8.0000 8.8750 -9.6875 14.1875 15.0000 8.8125 -7.5000 -10.0625 -6.8750 -8.8750 -14.2500 -10.8750 -8.6250 11.0000 -8.3750
13.0000 -6.5000 5.9375 15.9375 11.5625 10.8125 11.4375 -14.3750 -10.8750 -9.6875 13.9375 7.7500 6.7500 10.8125 9.8750 -5.8750
10.1250 -8.3125 10.3750 9.1875 9.4375 6.3750 -10.1250 -15.1250 11.6250 10.4375 -7.1875 -4.8750 -16.7500 -10.6875 -9.9375 -8.3125
-11.2500 11.0625 13.3125 -6.2500 9.8750 -12.1250 -7.8750 -9.6250 10.4375 13.3125 9.0000 8.8750 9.7500 -9.5000 -7.1875 -7.7500
-12.5000 7.3750 8.8125 -11.1250 9.3750 7.5000 10.0000 -7.8125 -7.8125 -9.1250 -13.5625 -7.3125 -9.3750 -11.3125 10.9375 -4.1875
10.9375 -10.6250 6.3125 13.3125 12.3750 9.7500 11.5625 11.3750 -4.5000 -9.3750 7.5000 11.1875 9.8750 9.1250 5.0625 8.3125
10.0000 -9.5625 11.1250 14.1250 15.2500 10.6875 -8.0625 -12.0625 8.5625 8.1250 -9.5000 -7.1875 -11.9375 -9.2500 -9.6250 -9.0625
0 0 0 0 0 0 0 0 0 0 0 0 0 0 0 0
0 0 0 0 0 0 0 0 0 0 0 0 0 0 0 0
0 0 0 0 0 0 0 0 0 0 0 0 0 0 0 0
0 0 0 0 0 0 0 0 0 0 0 0 0 0 0 0
0 0 0 0 0 0 0 0 0 0 0 0 0 0 0 0
0 0 0 0 0 0 0 0 0 0 0 0 0 0 0 0
0 0 0 0 0 0 0 0 0 0 0 0 0 0 0 0
0 0 0 0 0 0 0 0 0 0 0 0 0 0 0 0
0 0 0 0 0 0 0 0 0 0 0 0 0 0 0 0
0 0 0 0 0 0 0 0 0 0 0 0 0 0 0 0
0 0 0 0 0 0 0 0 0 0 0 0 0 0 0 0
0 0 0 0 0 0 0 0 0 0 0 0 0 0 0 0
0 0 0 0 0 0 0 0 0 0 0 0 0 0 0 0
0 0 0 0 0 0 0 0 0 0 0 0 0 0 0 0
0 0 0 0 0 0 0 0 0 0 0 0 0 0 0 0
0 0 0 0 0 0 0 0 0 0 0 0 0 0 0 0
0 0 0 0 0 0 0 0 0 0 0 0 0 0 0 0
0 0 0 0 0 0 0 0 0 0 0 0 0 0 0 0
0 0 0 0 0 0 0 0 0 0 0 0 0 0 0 0
0 0 0 0 0 0 0 0 0 0 0 0 0 0 0 0
0 0 0 0 0 0 0 0 0 0 0 0 0 0 0 0
0 0 0 0 0 0 0 0 0 0 0 0 0 0 0 0
0 0 0 0 0 0 0 0 0 0 0 0 0 0 0 0
0 0 0 0 0 0 0 0 0 0 0 0 0 0 0 0
37 128
-12.6875 12.1875 10.9375 -14.6250 9.0625 -11.0625 -12.2500 12.3125 12.8750 12.4375 8.6875 14.3750 15.7500 -13.1250 -11.6250 9.3125
-10.9375 15.2500 16.0625 -12.1250 9.3125 15.6875 12.8125 -8.0625 -12.4375 -13.3750 -16.0625 -13.6875 -13.2500 -10.0000 13.5625 -11.8750
14.4375 -15.3750 14.7500 15.4375 15.2500 8.3125 13.5625 -10.3750 -9.2500 -13.1875 15.0625 14.7500 5.0000 9.5625 9.8125 -13.3125
14.1250 -8.5000 12.6250 11.5625 10.1875 12.1250 -12.8750 -15.6875 14.6250 10.0625 -10.7500 -15.6875 -9.4375 -9.5000 -9.1250 -14.0625
-14.8750 13.6875 12.1875 -7.0625 15.0625 -10.3125 -12.0625 -10.5000 12.9375 10.9375 14.4375 8.7500 11.4375 -14.6875 -17.6250 -10.9375
-9.7500 11.1250 6.9375 -14.2500 8.8125 9.4375 10.1875 -11.8125 -11.0625 -8.8750 -13.2500 -16.9375 -12.4375 -13.5625 12.2500 -17.1875
10.3750 -11.2500 13.3750 15.3125 13.7500 12.3750 10.2500 8.2500 -11.6250 -8.5000 13.0000 15.1250 13.8125 14.4375 11.1250 12.7500
13.8750 -12.5625 12.3750 15.1875 12.6250 14.1875 -11.4375 -8.1250 9.9375 12.9375 -12.0625 -11.9375 -5.6875 -13.5625 -16.3750 -11.5000
0 0 0 0 0 0 0 0 0 0 0 0 0 0 0 0
0 0 0 0 0 0 0 0 0 0 0 0 0 0 0 0
0 0 0 0 0 0 0 0 0 0 0 0 0 0 0 0
0 0 0 0 0 0 0 0 0 0 0 0 0 0 0 0
0 0 0 0 0 0 0 0 0 0 0 0 0 0 0 0
0 0 0 0 0 0 0 0 0 0 0 0 0 0 0 0
0 0 0 0 0 0 0 0 0 0 0 0 0 0 0 0
0 0 0 0 0 0 0 0 0 0 0 0 0 0 0 0
0 0 0 0 0 0 0 0 0 0 0 0 0 0 0 0
0 0 0 0 0 0 0 0 0 0 0 0 0 0 0 0
0 0 0 0 0 0 0 0 0 0 0 0 0 0 0 0
0 0 0 0 0 0 0 0 0 0 0 0 0 0 0 0
0 0 0 0 0 0 0 0 0 0 0 0 0 0 0 0
0 0 0 0 0 0 0 0 0 0 0 0 0 0 0 0
0 0 0 0 0 0 0 0 0 0 0 0 0 0 0 0
0 0 0 0 0 0 0 0 0 0 0 0 0 0 0 0
0 0 0 0 0 0 0 0 0 0 0 0 0 0 0 0
0 0 0 0 0 0 0 0 0 0 0 0 0 0 0 0
0 0 0 0 0 0 0 0 0 0 0 0 0 0 0 0
0 0 0 0 0 0 0 0 0 0 0 0 0 0 0 0
0 0 0 0 0 0 0 0 0 0 0 0 0 0 0 0
0 0 0 0 0 0 0 0 0 0 0 0 0 0 0 0
0 0 0 0 0 0 0 0 0 0 0 0 0 0 0 0
0 0 0 0 0 0 0 0 0 0 0 0 0 0 0 0
38 128
-12.2500 10.5000 -9.9375 -10.2500 -9.6875 13.2500 -9.5625 -11.1875 -11.2500 -9.1875 12.1875 -11.1875 7.7500 14.8125 -14.1250 10.6250
8.7500 9.8750 9.0000 8.9375 8.3750 -11.1250 -11.0625 -9.4375 9.6250 -11.0625 8.3750 -9.0625 11.7500 11.0000 7.5625 -17.3125
7.1875 -14.1250 8.3750 -7.7500 -6.9375 -9.9375 -11.5625 5.7500 10.6875 12.0625 -8.4375 -10.5000 11.8125 -12.1875 -9.5000 10.9375
-10.6875 -11.6250 -8.0000 12.3750 10.3750 -5.8750 -9.5000 -11.7500 -9.5625 10.6875 -15.5000 -15.5625 6.6875 12.0000 18.0000 4.9375
-10.3750 11.8750 -10.2500 14.5000 -6.1875 13.8750 -12.7500 -4.0625 -9.8750 -11.3750 4.8125 17.1875 12.3750 13.6875 -12.6250 9.4375
9.7500 7.5625 7.5625 -14.6875 9.3125 -9.7500 -9.9375 7.4375 9.0000 -12.3750 11.0000 16.6250 16.5625 9.6875 7.7500 12.9375
5.1250 -9.1875 11.3750 11.6875 -12.8750 -6.5000 -8.7500 9.1875 13.1250 11.8750 -7.6875 6.5000 8.1250 -12.2500 -10.6250 12.8125
-6.4375 -4.5625 -10.8125 -5.0000 4.6875 -9.1250 -14.6875 17.6250 -15.3750 7.5000 -9.3125 10.5625 3.1250 10.2500 8.8750 -7.3125
0 0 0 0 0 0 0 0 0 0 0 0 0 0 0 0
0 0 0 0 0 0 0 0 0 0 0 0 0 0 0 0
0 0 0 0 0 0 0 0 0 0 0 0 0 0 0 0
0 0 0 0 0 0 0 0 0 0 0 0 0 0 0 0
0 0 0 0 0 0 0 0 0 0 0 0 0 0 0 0
0 0 0 0 0 0 0 0 0 0 0 0 0 0 0 0
0 0 0 0 0 0 0 0 0 0 0 0 0 0 0 0
0 0 0 0 0 0 0 0 0 0 0 0 0 0 0 0
0 0 0 0 0 0 0 0 0 0 0 0 0 0 0 0
0 0 0 0 0 0 0 0 0 0 0 0 0 0 0 0
0 0 0 0 0 0 0 0 0 0 0 0 0 0 0 0
0 0 0 0 0 0 0 0 0 0 0 0 0 0 0 0
0 0 0 0 0 0 0 0 0 0 0 0 0 0 0 0
0 0 0 0 0 0 0 0 0 0 0 0 0 0 0 0
0 0 0 0 0 0 0 0 0 0 0 0 0 0 0 0
0 0 0 0 0 0 0 0 0 0 0 0 0 0 0 0
0 0 0 0 0 0 0 0 0 0 0 0 0 0 0 0
0 0 0 0 0 0 0 0 0 0 0 0 0 0 0 0
0 0 0 0 0 0 0 0 0 0 0 0 0 0 0 0
0 0 0 0 0 0 0 0 0 0 0 0 0 0 0 0
0 0 0 0 0 0 0 0 0 0 0 0 0 0 0 0
0 0 0 0 0 0 0 0 0 0 0 0 0 0 0 0
0 0 0 0 0 0 0 0 0 0 0 0 0 0 0 0
0 0 0 0 0 0 0 0 0 0 0 0 0 0 0 0
38 128
-14.2500 13.8750 -16.1250 -18.5000 -16.6250 16.8125 -12.5625 -12.5000 -16.1875 -12.8125 9.3750 -6.6250 10.0000 10.5000 -7.2500 9.8750
10.0625 11.2500 11.0625 17.1875 12.5000 -9.7500 -13.3125 -10.0625 12.9375 -17.5000 17.8125 -10.0625 10.5625 17.3125 8.9375 -11.3125
13.6250 -9.3125 13.8750 -9.6875 -8.6250 -16.0000 -17.1250 9.9375 14.6875 13.0625 -11.1250 -13.0625 13.6875 -15.9375 -12.9375 15.2500
-11.8750 -8.4375 -14.3750 12.8125 13.5625 -14.7500 -9.6250 -9.5625 -20.8125 11.1250 -13.3125 -18.5625 13.2500 17.1250 19.3125 12.4375
-13.0625 10.0625 -11.8125 12.2500 -10.1875 16.3125 -10.4375 -17.5625 -18.7500 -9.5000 13.5000 12.3750 12.6875 13.4375 -17.5625 11.3750
10.2500 13.5625 9.3125 -12.0625 10.2500 -12.9375 -17.1250 17.0000 15.9375 -8.8125 12.3125 18.4375 8.5625 16.3750 11.6250 7.4375
16.9375 -10.0625 9.8125 13.5625 -13.8750 -13.0000 -8.6875 14.1875 11.3125 14.5000 -13.6875 11.6875 13.6875 -16.8125 -13.5625 15.8750
-11.5625 -17.1250 -13.4375 -11.8750 13.6250 -9.3750 -7.6875 9.6875 -13.8125 16.7500 -15.1250 11.6250 10.6250 11.3125 12.0625 -13.3750
0 0 0 0 0 0 0 0 0 0 0 0 0 0 0 0
0 0 0 0 0 0 0 0 0 0 0 0 0 0 0 0
0 0 0 0 0 0 0 0 0 0 0 0 0 0 0 0
0 0 0 0 0 0 0 0 0 0 0 0 0 0 0 0
0 0 0 0 0 0 0 0 0 0 0 0 0 0 0 0
0 0 0 0 0 0 0 0 0 0 0 0 0 0 0 0
0 0 0 0 0 0 0 0 0 0 0 0 0 0 0 0
0 0 0 0 0 0 0 0 0 0 0 0 0 0 0 0
0 0 0 0 0 0 0 0 0 0 0 0 0 0 0 0
0 0 0 0 0 0 0 0 0 0 0 0 0 0 0 0
0 0 0 0 0 0 0 0 0 0 0 0 0 0 0 0
0 0 0 0 0 0 0 0 0 0 0 0 0 0 0 0
0 0 0 0 0 0 0 0 0 0 0 0 0 0 0 0
0 0 0 0 0 0 0 0 0 0 0 0 0 0 0 0
0 0 0 0 0 0 0 0 0 0 0 0 0 0 0 0
0 0 0 0 0 0 0 0 0 0 0 0 0 0 0 0
0 0 0 0 0 0 0 0 0 0 0 0 0 0 0 0
0 0 0 0 0 0 0 0 0 0 0 0 0 0 0 0
0 0 0 0 0 0 0 0 0 0 0 0 0 0 0 0
0 0 0 0 0 0 0 0 0 0 0 0 0 0 0 0
0 0 0 0 0 0 0 0 0 0 0 0 0 0 0 0
0 0 0 0 0 0 0 0 0 0 0 0 0 0 0 0
0 0 0 0 0 0 0 0 0 0 0 0 0 0 0 0
0 0 0 0 0 0 0 0 0 0 0 0 0 0 0 0
39 128
-10.3125 12.5000 -10.8750 6.6875 -9.7500 -9.1250 9.3125 6.5625 -9.1875 -10.5000 10.8125 -11.5000 -13.5625 9.8125 11.5000 8.3125
-13.9375 11.3125 -15.8125 -9.2500 -4.4375 11.1875 14.7500 8.1250 4.0000 -10.9375 7.5625 -7.4375 -12.5000 11.6250 -9.0000 12.8125
-11.5000 12.3750 6.2500 -9.3125 12.5000 -13.1875 13.0000 9.8125 3.9375 -11.5000 6.5000 -11.1875 -3.6875 13.6875 -12.4375 -10.8750
-10.6250 14.8750 6.8125 9.8750 9.3125 10.9375 8.3125 9.1875 -14.0625 9.8125 9.9375 10.0000 -7.0625 -4.5000 11.0000 15.3125
-10.3125 8.3125 -8.0000 4.8125 -11.1250 -5.1250 6.8750 9.8750 -12.0000 -9.5000 12.0000 -10.2500 -9.6875 10.0000 12.0000 12.1250
-10.8750 8.8125 -8.8125 -11.3125 -11.6875 12.2500 8.4375 9.5000 8.3750 -9.5625 10.4375 -11.1250 -9.0625 14.6250 -7.3125 10.5625
-12.2500 12.0000 10.1875 -9.8750 10.6875 -9.6875 11.2500 9.0625 8.5625 -9.7500 9.7500 -15.0625 -5.3750 7.0625 -6.5625 -7.2500
-9.3750 7.3125 13.0625 10.6250 15.6875 13.5625 9.8750 11.5000 -6.9375 10.2500 7.6875 9.7500 -9.3750 -16.8750 11.1875 8.2500
0 0 0 0 0 0 0 0 0 0 0 0 0 0 0 0
0 0 0 0 0 0 0 0 0 0 0 0 0 0 0 0
0 0 0 0 0 0 0 0 0 0 0 0 0 0 0 0
0 0 0 0 0 0 0 0 0 0 0 0 0 0 0 0
0 0 0 0 0 0 0 0 0 0 0 0 0 0 0 0
0 0 0 0 0 0 0 0 0 0 0 0 0 0 0 0
0 0 0 0 0 0 0 0 0 0 0 0 0 0 0 0
0 0 0 0 0 0 0 0 0 0 0 0 0 0 0 0
0 0 0 0 0 0 0 0 0 0 0 0 0 0 0 0
0 0 0 0 0 0 0 0 0 0 0 0 0 0 0 0
0 0 0 0 0 0 0 0 0 0 0 0 0 0 0 0
0 0 0 0 0 0 0 0 0 0 0 0 0 0 0 0
0 0 0 0 0 0 0 0 0 0 0 0 0 0 0 0
0 0 0 0 0 0 0 0 0 0 0 0 0 0 0 0
0 0 0 0 0 0 0 0 0 0 0 0 0 0 0 0
0 0 0 0 0 0 0 0 0 0 0 0 0 0 0 0
0 0 0 0 0 0 0 0 0 0 0 0 0 0 0 0
0 0 0 0 0 0 0 0 0 0 0 0 0 0 0 0
0 0 0 0 0 0 0 0 0 0 0 0 0 0 0 0
0 0 0 0 0 0 0 0 0 0 0 0 0 0 0 0
0 0 0 0 0 0 0 0 0 0 0 0 0 0 0 0
0 0 0 0 0 0 0 0 0 0 0 0 0 0 0 0
0 0 0 0 0 0 0 0 0 0 0 0 0 0 0 0
0 0 0 0 0 0 0 0 0 0 0 0 0 0 0 0
39 128
-16.1875 10.6875 -16.8750 15.5000 -15.8750 -10.8125 11.5625 8.8125 -12.5000 -12.0625 11.3125 -13.9375 -16.3125 15.8750 13.5625 13.8750
-12.3125 13.1250 -15.9375 -15.0000 -13.0000 10.6250 8.7500 12.0000 11.0625 -13.3750 10.6875 -12.0625 -12.1875 14.6250 -10.6875 12.2500
-8.9375 16.3750 14.6250 -11.4375 12.6875 -12.9375 12.1875 13.5000 7.6875 -13.0000 11.4375 -11.9375 -18.3750 12.2500 -9.3125 -9.2500
-17.4375 11.3750 14.9375 13.6250 12.0000 13.5000 7.6875 14.1250 -15.3750 10.2500 11.1250 14.8125 -10.7500 -11.3750 14.3125 13.8750
-18.5625 11.7500 -10.8750 11.6250 -15.1875 -15.5625 14.3750 14.6875 -10.4375 -12.8125 11.7500 -8.8750 -10.4375 12.2500 13.1875 14.4375
-13.3750 10.6875 -12.1250 -15.0000 -16.8125 10.6250 14.8750 12.5000 11.6250 -16.1250 13.2500 -14.1250 -12.2500 12.6875 -13.1875 9.7500
-14.7500 16.0000 9.6250 -12.8125 13.2500 -10.8125 12.3125 15.1250 13.0625 -12.3125 14.1875 -10.3125 -15.3750 18.6875 -10.7500 -11.4375
-15.2500 8.1875 11.7500 13.9375 12.3125 10.5000 15.5625 9.6250 -13.1875 10.3750 12.0625 12.6875 -14.0000 -9.0000 11.8750 10.2500
0 0 0 0 0 0 0 0 0 0 0 0 0 0 0 0
0 0 0 0 0 0 0 0 0 0 0 0 0 0 0 0
0 0 0 0 0 0 0 0 0 0 0 0 0 0 0 0
0 0 0 0 0 0 0 0 0 0 0 0 0 0 0 0
0 0 0 0 0 0 0 0 0 0 0 0 0 0 0 0
0 0 0 0 0 0 0 0 0 0 0 0 0 0 0 0
0 0 0 0 0 0 0 0 0 0 0 0 0 0 0 0
0 0 0 0 0 0 0 0 0 0 0 0 0 0 0 0
0 0 0 0 0 0 0 0 0 0 0 0 0 0 0 0
0 0 0 0 0 0 0 0 0 0 0 0 0 0 0 0
0 0 0 0 0 0 0 0 0 0 0 0 0 0 0 0
0 0 0 0 0 0 0 0 0 0 0 0 0 0 0 0
0 0 0 0 0 0 0 0 0 0 0 0 0 0 0 0
0 0 0 0 0 0 0 0 0 0 0 0 0 0 0 0
0 0 0 0 0 0 0 0 0 0 0 0 0 0 0 0
0 0 0 0 0 0 0 0 0 0 0 0 0 0 0 0
0 0 0 0 0 0 0 0 0 0 0 0 0 0 0 0
0 0 0 0 0 0 0 0 0 0 0 0 0 0 0 0
0 0 0 0 0 0 0 0 0 0 0 0 0 0 0 0
0 0 0 0 0 0 0 0 0 0 0 0 0 0 0 0
0 0 0 0 0 0 0 0 0 0 0 0 0 0 0 0
0 0 0 0 0 0 0 0 0 0 0 0 0 0 0 0
0 0 0 0 0 0 0 0 0 0 0 0 0 0 0 0
0 0 0 0 0 0 0 0 0 0 0 0 0 0 0 0
40 128
-14.7500 -9.1875 -11.1250 13.5000 9.5625 -8.5000 -4.8125 7.4375 9.9375 -10.4375 11.4375 -8.7500 7.7500 -9.5625 14.0625 12.3750
-11.5000 1.9375 -10.3125 -13.0000 9.1875 -15.5000 -9.5625 5.5625 12.0625 -5.0625 -13.2500 15.1250 6.8750 8.3750 -7.5000 8.5000
-10.6250 -10.5625 -10.0000 9.8750 11.0000 -7.3125 -14.7500 -10.7500 -9.8125 -10.5000 -10.6250 8.8750 -10.5000 -10.8750 -8.5000 -9.1250
-9.0625 10.0000 -10.1875 -10.8750 10.4375 -7.5625 -10.0000 -6.5625 -9.5000 11.2500 6.0625 9.7500 -7.0000 -10.0000 8.6875 12.1875
-11.5000 -4.8125 -8.7500 -10.7500 8.7500 -10.7500 -11.6250 -7.9375 10.2500 -7.6875 12.2500 10.3125 8.1875 -6.6875 12.5625 -13.9375
-9.3750 13.6250 -9.6875 4.4375 11.2500 -11.2500 -13.5000 -10.7500 11.0625 -7.3750 -9.3125 -11.8125 12.3750 8.2500 -12.1250 -6.1875
-9.1250 -9.7500 -5.8125 -12.6875 8.5000 -14.6875 -11.5000 7.9375 -11.6250 -7.6250 -11.9375 -7.0000 -13.6875 -10.3750 -9.9375 14.1875
-11.3125 7.0625 -12.1875 13.1875 8.2500 -11.5625 -6.1250 7.5625 -9.0000 6.6250 9.4375 -12.1250 -14.5000 -12.8750 9.2500 -11.8125
0 0 0 0 0 0 0 0 0 0 0 0 0 0 0 0
0 0 0 0 0 0 0 0 0 0 0 0 0 0 0 0
0 0 0 0 0 0 0 0 0 0 0 0 0 0 0 0
0 0 0 0 0 0 0 0 0 0 0 0 0 0 0 0
0 0 0 0 0 0 0 0 0 0 0 0 0 0 0 0
0 0 0 0 0 0 0 0 0 0 0 0 0 0 0 0
0 0 0 0 0 0 0 0 0 0 0 0 0 0 0 0
0 0 0 0 0 0 0 0 0 0 0 0 0 0 0 0
0 0 0 0 0 0 0 0 0 0 0 0 0 0 0 0
0 0 0 0 0 0 0 0 0 0 0 0 0 0 0 0
0 0 0 0 0 0 0 0 0 0 0 0 0 0 0 0
0 0 0 0 0 0 0 0 0 0 0 0 0 0 0 0
0 0 0 0 0 0 0 0 0 0 0 0 0 0 0 0
0 0 0 0 0 0 0 0 0 0 0 0 0 0 0 0
0 0 0 0 0 0 0 0 0 0 0 0 0 0 0 0
0 0 0 0 0 0 0 0 0 0 0 0 0 0 0 0
0 0 0 0 0 0 0 0 0 0 0 0 0 0 0 0
0 0 0 0 0 0 0 0 0 0 0 0 0 0 0 0
0 0 0 0 0 0 0 0 0 0 0 0 0 0 0 0
0 0 0 0 0 0 0 0 0 0 0 0 0 0 0 0
0 0 0 0 0 0 0 0 0 0 0 0 0 0 0 0
0 0 0 0 0 0 0 0 0 0 0 0 0 0 0 0
0 0 0 0 0 0 0 0 0 0 0 0 0 0 0 0
0 0 0 0 0 0 0 0 0 0 0 0 0 0 0 0
40 128
-8.9375 -10.7500 -13.0625 13.3750 15.1875 -9.1875 -12.8750 10.9375 13.9375 -14.1875 11.2500 -10.9375 11.0000 -16.6875 11.4375 12.0000
-14.3750 7.2500 -8.1250 -11.3125 11.3125 -10.4375 -10.8125 15.3750 14.0625 -9.5000 -14.3125 12.2500 13.3125 16.8125 -10.5625 14.1875
-13.5000 -13.5000 -14.9375 10.6250 11.8125 -17.1250 -12.6875 -9.8750 -9.9375 -16.1875 -10.7500 12.3125 -14.6875 -10.5000 -13.3750 -12.9375
-15.3125 11.9375 -11.6875 -12.6250 13.6875 -11.4375 -16.3125 -11.0000 -8.6250 9.8125 12.9375 12.2500 -14.5625 -13.4375 14.6250 16.1250
-9.7500 -9.7500 -14.8125 -10.3750 13.5000 -10.1875 -16.3750 -11.5625 12.6875 -16.4375 14.5625 10.6250 16.7500 -16.8125 17.6875 -12.1250
-13.5000 8.5000 -10.7500 10.5625 14.2500 -12.8750 -12.6875 -10.7500 14.1250 -16.1875 -11.8125 -15.2500 17.1875 10.2500 -10.9375 -10.4375
-10.5000 -14.8125 -10.1250 -9.5625 11.7500 -15.5000 -13.3750 9.4375 -16.7500 -8.7500 -11.5000 -16.1875 -9.8125 -15.1875 -15.7500 11.2500
-14.4375 11.3125 -15.7500 13.2500 14.6875 -11.8125 -16.5000 14.5000 -7.6875 8.8750 13.6875 -15.8750 -12.0625 -17.6250 9.9375 -14.3750
0 0 0 0 0 0 0 0 0 0 0 0 0 0 0 0
0 0 0 0 0 0 0 0 0 0 0 0 0 0 0 0
0 0 0 0 0 0 0 0 0 0 0 0 0 0 0 0
0 0 0 0 0 0 0 0 0 0 0 0 0 0 0 0
0 0 0 0 0 0 0 0 0 0 0 0 0 0 0 0
0 0 0 0 0 0 0 0 0 0 0 0 0 0 0 0
0 0 0 0 0 0 0 0 0 0 0 0 0 0 0 0
0 0 0 0 0 0 0 0 0 0 0 0 0 0 0 0
0 0 0 0 0 0 0 0 0 0 0 0 0 0 0 0
0 0 0 0 0 0 0 0 0 0 0 0 0 0 0 0
0 0 0 0 0 0 0 0 0 0 0 0 0 0 0 0
0 0 0 0 0 0 0 0 0 0 0 0 0 0 0 0
0 0 0 0 0 0 0 0 0 0 0 0 0 0 0 0
0 0 0 0 0 0 0 0 0 0 0 0 0 0 0 0
0 0 0 0 0 0 0 0 0 0 0 0 0 0 0 0
0 0 0 0 0 0 0 0 0 0 0 0 0 0 0 0
0 0 0 0 0 0 0 0 0 0 0 0 0 0 0 0
0 0 0 0 0 0 0 0 0 0 0 0 0 0 0 0
0 0 0 0 0 0 0 0 0 0 0 0 0 0 0 0
0 0 0 0 0 0 0 0 0 0 0 0 0 0 0 0
0 0 0 0 0 0 0 0 0 0 0 0 0 0 0 0
0 0 0 0 0 0 0 0 0 0 0 0 0 0 0 0
0 0 0 0 0 0 0 0 0 0 0 0 0 0 0 0
0 0 0 0 0 0 0 0 0 0 0 0 0 0 0 0
41 128
10.3750 -10.1250 8.8125 10.6250 -5.8750 -8.6250 10.8750 -9.6875 -8.4375 8.9375 8.8750 -12.9375 -10.8750 11.8750 -14.0625 -10.9375
13.8750 -6.8750 -13.8125 -10.3125 -8.3750 -11.7500 5.8125 -11.1875 8.5625 9.8750 -14.5000 -12.8750 -7.7500 -8.5625 -8.4375 9.3750
-9.5625 9.3125 10.8750 6.6875 9.5625 -12.0000 10.0625 -11.6875 10.3125 9.3750 12.1875 9.1875 8.8750 -9.3750 9.5625 -9.3125
-8.4375 6.6250 -12.3750 -12.6250 12.7500 -9.5625 5.0625 -9.3125 -9.9375 -12.2500 -9.7500 -11.6250 11.7500 -11.1250 -10.3125 12.6250
9.1875 -12.5625 6.3750 -9.3750 -9.6875 -9.8125 14.6250 13.8125 -11.7500 12.1250 12.1250 8.5000 -4.5625 8.7500 -7.3125 14.0000
6.8125 -8.5625 -9.2500 7.3125 -11.8750 -8.6875 10.8750 9.6875 9.3750 8.4375 -5.5625 14.3750 -10.1875 -10.7500 -8.5000 -11.8125
-15.6875 8.8750 10.0000 -10.1875 11.5625 -11.6250 12.0625 15.3750 9.4375 11.2500 7.0625 -6.3125 8.8750 -11.4375 11.3750 14.2500
-7.1875 12.5000 -8.1250 12.5000 8.6875 -9.1250 5.5000 7.4375 -10.4375 -8.2500 -7.3125 10.0000 9.0625 -10.0625 -9.3750 -10.1250
0 0 0 0 0 0 0 0 0 0 0 0 0 0 0 0
0 0 0 0 0 0 0 0 0 0 0 0 0 0 0 0
0 0 0 0 0 0 0 0 0 0 0 0 0 0 0 0
0 0 0 0 0 0 0 0 0 0 0 0 0 0 0 0
0 0 0 0 0 0 0 0 0 0 0 0 0 0 0 0
0 0 0 0 0 0 0 0 0 0 0 0 0 0 0 0
0 0 0 0 0 0 0 0 0 0 0 0 0 0 0 0
0 0 0 0 0 0 0 0 0 0 0 0 0 0 0 0
0 0 0 0 0 0 0 0 0 0 0 0 0 0 0 0
0 0 0 0 0 0 0 0 0 0 0 0 0 0 0 0
0 0 0 0 0 0 0 0 0 0 0 0 0 0 0 0
0 0 0 0 0 0 0 0 0 0 0 0 0 0 0 0
0 0 0 0 0 0 0 0 0 0 0 0 0 0 0 0
0 0 0 0 0 0 0 0 0 0 0 0 0 0 0 0
0 0 0 0 0 0 0 0 0 0 0 0 0 0 0 0
0 0 0 0 0 0 0 0 0 0 0 0 0 0 0 0
0 0 0 0 0 0 0 0 0 0 0 0 0 0 0 0
0 0 0 0 0 0 0 0 0 0 0 0 0 0 0 0
0 0 0 0 0 0 0 0 0 0 0 0 0 0 0 0
0 0 0 0 0 0 0 0 0 0 0 0 0 0 0 0
0 0 0 0 0 0 0 0 0 0 0 0 0 0 0 0
0 0 0 0 0 0 0 0 0 0 0 0 0 0 0 0
0 0 0 0 0 0 0 0 0 0 0 0 0 0 0 0
0 0 0 0 0 0 0 0 0 0 0 0 0 0 0 0
41 128
13.4375 -9.5000 12.3125 17.1250 -14.3125 -10.3125 7.0000 -18.2500 -7.5625 12.1875 11.3125 -10.9375 -13.5625 11.5625 -14.3750 -6.0625
13.1250 -9.9375 -12.9375 -12.8750 -14.6875 -17.6875 12.1250 -15.6250 9.1250 12.3750 -12.5625 -9.6875 -16.1875 -11.0625 -14.4375 12.1250
-11.5625 12.7500 11.5625 9.1875 8.0000 -14.3750 9.3125 -14.0000 13.7500 14.4375 14.5625 11.9375 13.9375 -10.6250 15.1250 -11.1250
-10.4375 10.5625 -14.6875 -9.8750 13.3750 -13.0000 13.3125 -13.5625 -11.7500 -12.1875 -14.6250 -14.1250 13.2500 -9.3125 -10.5000 14.0000
14.8125 -15.6875 12.0625 -13.3125 -12.3125 -15.1875 9.3125 13.1875 -12.0625 10.3750 11.7500 11.1875 -17.0000 14.5625 -12.0000 16.6875
10.7500 -15.3125 -15.8750 19.8125 -10.1250 -6.3750 16.7500 17.5000 14.0625 11.5000 -18.0000 11.6875 -9.6875 -14.8125 -15.0000 -14.1875
-14.3125 14.0000 11.6250 -13.7500 15.5625 -11.6250 13.0000 14.8750 11.8750 13.7500 13.7500 -18.0000 14.3750 -9.1250 12.7500 14.0625
-10.1250 7.6250 -15.1875 14.6875 11.1875 -9.9375 14.5000 12.5000 -9.0000 -11.8125 -7.9375 9.5625 12.1250 -10.9375 -12.0000 -16.3750
0 0 0 0 0 0 0 0 0 0 0 0 0 0 0 0
0 0 0 0 0 0 0 0 0 0 0 0 0 0 0 0
0 0 0 0 0 0 0 0 0 0 0 0 0 0 0 0
0 0 0 0 0 0 0 0 0 0 0 0 0 0 0 0
0 0 0 0 0 0 0 0 0 0 0 0 0 0 0 0
0 0 0 0 0 0 0 0 0 0 0 0 0 0 0 0
0 0 0 0 0 0 0 0 0 0 0 0 0 0 0 0
0 0 0 0 0 0 0 0 0 0 0 0 0 0 0 0
0 0 0 0 0 0 0 0 0 0 0 0 0 0 0 0
0 0 0 0 0 0 0 0 0 0 0 0 0 0 0 0
0 0 0 0 0 0 0 0 0 0 0 0 0 0 0 0
0 0 0 0 0 0 0 0 0 0 0 0 0 0 0 0
0 0 0 0 0 0 0 0 0 0 0 0 0 0 0 0
0 0 0 0 0 0 0 0 0 0 0 0 0 0 0 0
0 0 0 0 0 0 0 0 0 0 0 0 0 0 0 0
0 0 0 0 0 0 0 0 0 0 0 0 0 0 0 0
0 0 0 0 0 0 0 0 0 0 0 0 0 0 0 0
0 0 0 0 0 0 0 0 0 0 0 0 0 0 0 0
0 0 0 0 0 0 0 0 0 0 0 0 0 0 0 0
0 0 0 0 0 0 0 0 0 0 0 0 0 0 0 0
0 0 0 0 0 0 0 0 0 0 0 0 0 0 0 0
0 0 0 0 0 0 0 0 0 0 0 0 0 0 0 0
0 0 0 0 0 0 0 0 0 0 0 0 0 0 0 0
0 0 0 0 0 0 0 0 0 0 0 0 0 0 0 0
42 128
-9.0625 7.1875 -9.4375 16.8125 9.1875 9.9375 -7.3125 10.4375 11.8750 10.2500 -10.2500 11.6250 13.0625 -12.5625 -7.1250 -11.0625
11.0625 -9.1875 8.1875 12.1875 -9.3125 7.0625 8.8125 -8.5625 -5.8125 8.3125 11.0000 -13.9375 -6.8125 -7.7500 11.2500 7.7500
16.5625 -13.4375 -11.5625 -10.7500 9.6875 9.8125 7.8125 -10.8125 10.5625 10.0000 -7.7500 7.8750 -12.8750 -8.1875 -11.8750 12.3125
-7.6875 9.6875 9.5625 -8.5625 -8.9375 9.3125 -11.6875 9.7500 -11.3750 15.8750 7.3750 -10.3750 12.6250 11.9375 -12.6875 -9.6875
-9.0625 8.1875 -10.8750 11.7500 10.1250 10.9375 -12.0000 11.4375 12.0000 11.5625 -7.1875 10.0625 9.3750 -6.5625 -5.8750 -9.2500
5.8125 -8.9375 10.1250 11.3125 -10.7500 9.2500 10.2500 -8.3125 -15.2500 11.2500 8.9375 -13.1875 -11.4375 -6.8750 16.0000 7.4375
13.4375 -7.8125 -12.2500 -10.6250 10.8125 10.1250 9.8125 -9.8125 10.5625 9.8125 -7.1875 9.7500 -9.3125 -11.1875 -12.6875 9.1250
-10.2500 11.1875 9.3125 -7.6250 -7.8750 10.1875 -11.0625 10.6250 -7.5000 7.6250 4.3125 -12.5625 9.5625 9.5625 -9.5625 -12.9375
0 0 0 0 0 0 0 0 0 0 0 0 0 0 0 0
0 0 0 0 0 0 0 0 0 0 0 0 0 0 0 0
0 0 0 0 0 0 0 0 0 0 0 0 0 0 0 0
0 0 0 0 0 0 0 0 0 0 0 0 0 0 0 0
0 0 0 0 0 0 0 0 0 0 0 0 0 0 0 0
0 0 0 0 0 0 0 0 0 0 0 0 0 0 0 0
0 0 0 0 0 0 0 0 0 0 0 0 0 0 0 0
0 0 0 0 0 0 0 0 0 0 0 0 0 0 0 0
0 0 0 0 0 0 0 0 0 0 0 0 0 0 0 0
0 0 0 0 0 0 0 0 0 0 0 0 0 0 0 0
0 0 0 0 0 0 0 0 0 0 0 0 0 0 0 0
0 0 0 0 0 0 0 0 0 0 0 0 0 0 0 0
0 0 0 0 0 0 0 0 0 0 0 0 0 0 0 0
0 0 0 0 0 0 0 0 0 0 0 0 0 0 0 0
0 0 0 0 0 0 0 0 0 0 0 0 0 0 0 0
0 0 0 0 0 0 0 0 0 0 0 0 0 0 0 0
0 0 0 0 0 0 0 0 0 0 0 0 0 0 0 0
0 0 0 0 0 0 0 0 0 0 0 0 0 0 0 0
0 0 0 0 0 0 0 0 0 0 0 0 0 0 0 0
0 0 0 0 0 0 0 0 0 0 0 0 0 0 0 0
0 0 0 0 0 0 0 0 0 0 0 0 0 0 0 0
0 0 0 0 0 0 0 0 0 0 0 0 0 0 0 0
0 0 0 0 0 0 0 0 0 0 0 0 0 0 0 0
0 0 0 0 0 0 0 0 0 0 0 0 0 0 0 0
42 128
-14.1250 13.8125 -13.1250 14.3125 12.5625 15.2500 -13.0625 11.2500 14.5625 13.3750 -16.3750 15.6250 13.3125 -14.1250 -12.0000 -13.9375
15.6250 -13.5000 12.5625 10.8750 -13.9375 14.7500 13.2500 -9.4375 -14.1875 15.2500 11.3750 -11.1250 -13.3125 -13.5000 17.0625 15.0000
13.5000 -16.2500 -14.6250 -11.6250 10.5625 10.9375 11.9375 -12.8750 13.5000 10.4375 -10.4375 14.8750 -14.5000 -9.8125 -12.8750 7.5000
-16.6250 12.4375 13.5625 -9.1875 -15.0625 12.2500 -17.5625 11.7500 -8.0625 15.9375 12.1250 -8.5625 9.8125 7.5625 -15.2500 -12.0000
-10.0625 13.1250 -10.9375 9.4375 12.0625 12.6875 -11.5625 15.0625 12.5625 11.5000 -13.0000 15.3750 11.8750 -14.3125 -8.1875 -12.6875
16.2500 -10.8125 15.1250 9.8750 -11.3125 13.2500 9.6250 -17.1250 -8.5000 9.6250 16.2500 -14.3125 -14.3125 -10.1250 9.6875 10.1250
11.1250 -14.5625 -12.0625 -11.8750 11.2500 8.8750 10.7500 -14.0000 13.3125 14.1250 -11.5625 15.1875 -15.0625 -11.0000 -8.8750 15.8750
-10.3125 11.3125 14.8750 -12.3750 -9.8750 9.6875 -14.8750 13.4375 -11.6250 12.0000 13.6875 -10.6875 10.0000 12.8125 -10.0625 -17.2500
0 0 0 0 0 0 0 0 0 0 0 0 0 0 0 0
0 0 0 0 0 0 0 0 0 0 0 0 0 0 0 0
0 0 0 0 0 0 0 0 0 0 0 0 0 0 0 0
0 0 0 0 0 0 0 0 0 0 0 0 0 0 0 0
0 0 0 0 0 0 0 0 0 0 0 0 0 0 0 0
0 0 0 0 0 0 0 0 0 0 0 0 0 0 0 0
0 0 0 0 0 0 0 0 0 0 0 0 0 0 0 0
0 0 0 0 0 0 0 0 0 0 0 0 0 0 0 0
0 0 0 0 0 0 0 0 0 0 0 0 0 0 0 0
0 0 0 0 0 0 0 0 0 0 0 0 0 0 0 0
0 0 0 0 0 0 0 0 0 0 0 0 0 0 0 0
0 0 0 0 0 0 0 0 0 0 0 0 0 0 0 0
0 0 0 0 0 0 0 0 0 0 0 0 0 0 0 0
0 0 0 0 0 0 0 0 0 0 0 0 0 0 0 0
0 0 0 0 0 0 0 0 0 0 0 0 0 0 0 0
0 0 0 0 0 0 0 0 0 0 0 0 0 0 0 0
0 0 0 0 0 0 0 0 0 0 0 0 0 0 0 0
0 0 0 0 0 0 0 0 0 0 0 0 0 0 0 0
0 0 0 0 0 0 0 0 0 0 0 0 0 0 0 0
0 0 0 0 0 0 0 0 0 0 0 0 0 0 0 0
0 0 0 0 0 0 0 0 0 0 0 0 0 0 0 0
0 0 0 0 0 0 0 0 0 0 0 0 0 0 0 0
0 0 0 0 0 0 0 0 0 0 0 0 0 0 0 0
0 0 0 0 0 0 0 0 0 0 0 0 0 0 0 0
43 128
8.4375 -6.8125 12.3125 11.2500 8.4375 9.5000 -15.1875 -10.8750 -6.8750 -9.5000 -6.3750 -11.9375 10.6250 -10.3750 2.5000 -8.8750
-13.1875 -7.5625 11.8750 -10.5625 -8.6250 -12.2500 8.1250 5.8125 13.5625 13.1250 -10.9375 -12.0000 12.0000 -10.8125 11.0000 -14.1250
-11.0625 12.8750 -9.0625 11.9375 -9.1875 8.0000 9.9375 -9.5000 -11.6875 6.6250 7.0625 7.9375 9.2500 -10.5000 10.2500 -6.6875
12.2500 5.4375 -11.7500 -8.6875 12.9375 12.4375 -9.3125 -8.0000 6.3750 11.8750 7.5625 -10.8125 9.6250 5.3750 -11.4375 -11.2500
9.3125 -8.9375 13.9375 -9.3750 10.3750 9.4375 -15.1875 12.5625 -9.6250 -6.6250 -6.8125 10.5625 10.1250 -10.7500 8.5000 7.3125
-13.2500 -12.7500 11.9375 10.8750 -9.8750 -13.8750 14.8750 -11.5625 11.4375 8.8750 -8.0000 6.2500 15.3750 -15.5000 9.5000 12.5000
-13.0000 10.6250 -14.1250 -6.7500 -7.8125 11.1875 8.2500 10.8750 -10.1250 13.3125 8.8125 -10.1250 9.5625 -13.6875 6.6250 6.6875
8.5625 12.6250 -12.0000 6.6250 11.5000 11.8750 -7.6875 10.6250 7.4375 10.5000 11.2500 8.6250 11.8125 10.3750 -7.5000 9.6250
0 0 0 0 0 0 0 0 0 0 0 0 0 0 0 0
0 0 0 0 0 0 0 0 0 0 0 0 0 0 0 0
0 0 0 0 0 0 0 0 0 0 0 0 0 0 0 0
0 0 0 0 0 0 0 0 0 0 0 0 0 0 0 0
0 0 0 0 0 0 0 0 0 0 0 0 0 0 0 0
0 0 0 0 0 0 0 0 0 0 0 0 0 0 0 0
0 0 0 0 0 0 0 0 0 0 0 0 0 0 0 0
0 0 0 0 0 0 0 0 0 0 0 0 0 0 0 0
0 0 0 0 0 0 0 0 0 0 0 0 0 0 0 0
0 0 0 0 0 0 0 0 0 0 0 0 0 0 0 0
0 0 0 0 0 0 0 0 0 0 0 0 0 0 0 0
0 0 0 0 0 0 0 0 0 0 0 0 0 0 0 0
0 0 0 0 0 0 0 0 0 0 0 0 0 0 0 0
0 0 0 0 0 0 0 0 0 0 0 0 0 0 0 0
0 0 0 0 0 0 0 0 0 0 0 0 0 0 0 0
0 0 0 0 0 0 0 0 0 0 0 0 0 0 0 0
0 0 0 0 0 0 0 0 0 0 0 0 0 0 0 0
0 0 0 0 0 0 0 0 0 0 0 0 0 0 0 0
0 0 0 0 0 0 0 0 0 0 0 0 0 0 0 0
0 0 0 0 0 0 0 0 0 0 0 0 0 0 0 0
0 0 0 0 0 0 0 0 0 0 0 0 0 0 0 0
0 0 0 0 0 0 0 0 0 0 0 0 0 0 0 0
0 0 0 0 0 0 0 0 0 0 0 0 0 0 0 0
0 0 0 0 0 0 0 0 0 0 0 0 0 0 0 0
43 128
15.9375 -18.5625 14.6875 18.1250 9.1250 11.1250 -15.9375 -8.0625 -10.1875 -13.5000 -12.2500 -11.8125 15.3125 -13.5000 13.4375 -13.2500
-9.9375 -15.3125 12.1875 -10.3750 -15.4375 -13.2500 14.8125 12.5625 12.7500 12.3125 -10.6250 -13.0625 12.5000 -8.7500 16.7500 -17.1875
-14.8125 13.5000 -15.3750 10.6250 -11.4375 16.0625 11.3125 -13.4375 -11.7500 16.3750 9.8125 13.9375 11.8750 -14.5625 11.0000 -11.8750
13.5000 12.3125 -16.6875 -10.2500 13.2500 10.6875 -12.9375 -16.0625 10.7500 10.1250 11.2500 -12.8125 10.9375 9.8125 -6.7500 -10.1250
10.2500 -13.7500 17.7500 -8.7500 12.4375 16.8125 -10.6250 10.7500 -12.6250 -12.6875 -12.3750 14.0625 12.6250 -13.8750 14.0000 15.1875
-14.5625 -12.1250 13.8750 12.4375 -16.8125 -11.0000 21.1250 -11.5000 11.6875 15.4375 -11.6875 11.8750 12.6250 -8.6250 16.9375 16.6875
-17.6250 15.4375 -12.5000 -9.1250 -14.6250 10.0625 15.8750 11.0000 -9.8125 13.0625 13.6875 -9.0000 12.6250 -14.0000 13.3125 9.6875
11.5625 12.3125 -12.6875 16.7500 8.1875 13.8750 -11.5000 13.2500 17.8750 11.1250 11.6250 12.0000 11.6875 14.0625 -12.9375 9.7500
0 0 0 0 0 0 0 0 0 0 0 0 0 0 0 0
0 0 0 0 0 0 0 0 0 0 0 0 0 0 0 0
0 0 0 0 0 0 0 0 0 0 0 0 0 0 0 0
0 0 0 0 0 0 0 0 0 0 0 0 0 0 0 0
0 0 0 0 0 0 0 0 0 0 0 0 0 0 0 0
0 0 0 0 0 0 0 0 0 0 0 0 0 0 0 0
0 0 0 0 0 0 0 0 0 0 0 0 0 0 0 0
0 0 0 0 0 0 0 0 0 0 0 0 0 0 0 0
0 0 0 0 0 0 0 0 0 0 0 0 0 0 0 0
0 0 0 0 0 0 0 0 0 0 0 0 0 0 0 0
0 0 0 0 0 0 0 0 0 0 0 0 0 0 0 0
0 0 0 0 0 0 0 0 0 0 0 0 0 0 0 0
0 0 0 0 0 0 0 0 0 0 0 0 0 0 0 0
0 0 0 0 0 0 0 0 0 0 0 0 0 0 0 0
0 0 0 0 0 0 0 0 0 0 0 0 0 0 0 0
0 0 0 0 0 0 0 0 0 0 0 0 0 0 0 0
0 0 0 0 0 0 0 0 0 0 0 0 0 0 0 0
0 0 0 0 0 0 0 0 0 0 0 0 0 0 0 0
0 0 0 0 0 0 0 0 0 0 0 0 0 0 0 0
0 0 0 0 0 0 0 0 0 0 0 0 0 0 0 0
0 0 0 0 0 0 0 0 0 0 0 0 0 0 0 0
0 0 0 0 0 0 0 0 0 0 0 0 0 0 0 0
0 0 0 0 0 0 0 0 0 0 0 0 0 0 0 0
0 0 0 0 0 0 0 0 0 0 0 0 0 0 0 0
44 128
14.6250 -12.8750 10.3750 -13.1250 -12.4375 11.5000 4.8125 -18.8125 -8.2500 -10.0625 8.8125 -8.0000 9.2500 7.3750 -10.5625 11.9375
-12.8750 15.3750 11.6250 10.8125 9.7500 13.5000 9.1250 10.0625 8.3125 -11.3125 -11.5625 6.5000 -11.4375 -13.1250 -12.0625 10.9375
10.3750 -8.5000 -8.0625 10.1875 8.7500 6.5000 9.0625 -12.6250 9.6250 -11.6250 13.4375 -12.5000 10.8125 -11.1250 11.0000 6.7500
-11.3125 10.6875 -11.5625 -7.5625 -13.6875 -13.1250 8.5625 -13.2500 -8.0000 11.0000 -9.5000 -14.5625 -10.3125 8.7500 8.9375 7.8750
12.5000 -7.8750 12.7500 -8.5000 -10.1875 5.1250 12.1875 7.6875 -10.2500 -8.3125 8.5000 -8.8750 9.0625 8.2500 -9.6250 -11.3750
-11.5000 11.9375 8.6875 7.6250 9.6875 10.6875 9.5000 9.6250 12.6250 -5.3125 -13.2500 6.8750 -13.2500 -10.1250 -9.3750 14.3125
9.8125 -8.8125 -9.6875 11.5625 7.6875 8.8125 6.8750 9.9375 4.6875 -12.0625 13.0000 -10.2500 8.5000 -9.3125 11.3125 -9.3750
-8.5625 13.5625 -11.5000 -12.5000 -3.8125 -10.2500 11.6250 -10.3125 -9.2500 11.3125 -14.1875 -8.6875 -12.3750 9.0000 7.3750 7.0000
0 0 0 0 0 0 0 0 0 0 0 0 0 0 0 0
0 0 0 0 0 0 0 0 0 0 0 0 0 0 0 0
0 0 0 0 0 0 0 0 0 0 0 0 0 0 0 0
0 0 0 0 0 0 0 0 0 0 0 0 0 0 0 0
0 0 0 0 0 0 0 0 0 0 0 0 0 0 0 0
0 0 0 0 0 0 0 0 0 0 0 0 0 0 0 0
0 0 0 0 0 0 0 0 0 0 0 0 0 0 0 0
0 0 0 0 0 0 0 0 0 0 0 0 0 0 0 0
0 0 0 0 0 0 0 0 0 0 0 0 0 0 0 0
0 0 0 0 0 0 0 0 0 0 0 0 0 0 0 0
0 0 0 0 0 0 0 0 0 0 0 0 0 0 0 0
0 0 0 0 0 0 0 0 0 0 0 0 0 0 0 0
0 0 0 0 0 0 0 0 0 0 0 0 0 0 0 0
0 0 0 0 0 0 0 0 0 0 0 0 0 0 0 0
0 0 0 0 0 0 0 0 0 0 0 0 0 0 0 0
0 0 0 0 0 0 0 0 0 0 0 0 0 0 0 0
0 0 0 0 0 0 0 0 0 0 0 0 0 0 0 0
0 0 0 0 0 0 0 0 0 0 0 0 0 0 0 0
0 0 0 0 0 0 0 0 0 0 0 0 0 0 0 0
0 0 0 0 0 0 0 0 0 0 0 0 0 0 0 0
0 0 0 0 0 0 0 0 0 0 0 0 0 0 0 0
0 0 0 0 0 0 0 0 0 0 0 0 0 0 0 0
0 0 0 0 0 0 0 0 0 0 0 0 0 0 0 0
0 0 0 0 0 0 0 0 0 0 0 0 0 0 0 0
44 128
11.8750 -15.3125 10.5625 -11.4375 -13.3125 15.7500 15.5625 -8.8125 -13.6875 -10.6250 13.3750 -16.0625 9.8750 13.7500 -16.2500 11.1250
-11.2500 14.0000 14.6250 11.3125 10.8750 11.5625 9.9375 14.9375 12.0000 -13.9375 -12.5625 10.3750 -11.1250 -10.6875 -13.8750 10.4375
10.8125 -15.8750 -13.0000 15.0625 11.1250 9.0625 10.6250 -10.6875 11.3750 -11.1250 12.1250 -12.6875 15.7500 -12.8750 12.8750 10.5625
-12.3750 10.4375 -16.2500 -12.1250 -15.8750 -7.5625 12.3125 -10.8125 -14.0000 13.0000 -14.1250 -12.6250 -15.5000 11.8125 14.0000 13.0625
14.0625 -15.3125 18.3125 -7.1250 -10.0000 14.3125 15.3125 15.3750 -13.6875 -6.6250 7.6875 -15.7500 11.1250 12.3750 -8.0000 -13.8125
-13.3125 12.6250 17.3125 15.6875 13.2500 11.7500 11.3125 11.8750 9.4375 -18.5000 -12.7500 9.1250 -11.8750 -9.8125 -12.3750 8.5625
13.6875 -12.2500 -13.7500 14.4375 13.3125 13.5000 9.5000 12.0000 13.5000 -14.5000 13.6875 -8.7500 12.6875 -15.5625 12.6250 -10.8750
-14.3125 13.4375 -11.5625 -14.0625 -9.3125 -12.5625 14.6250 -11.4375 -12.0625 8.8750 -11.6875 -16.4375 -13.0000 15.0625 14.3750 15.1250
0 0 0 0 0 0 0 0 0 0 0 0 0 0 0 0
0 0 0 0 0 0 0 0 0 0 0 0 0 0 0 0
0 0 0 0 0 0 0 0 0 0 0 0 0 0 0 0
0 0 0 0 0 0 0 0 0 0 0 0 0 0 0 0
0 0 0 0 0 0 0 0 0 0 0 0 0 0 0 0
0 0 0 0 0 0 0 0 0 0 0 0 0 0 0 0
0 0 0 0 0 0 0 0 0 0 0 0 0 0 0 0
0 0 0 0 0 0 0 0 0 0 0 0 0 0 0 0
0 0 0 0 0 0 0 0 0 0 0 0 0 0 0 0
0 0 0 0 0 0 0 0 0 0 0 0 0 0 0 0
0 0 0 0 0 0 0 0 0 0 0 0 0 0 0 0
0 0 0 0 0 0 0 0 0 0 0 0 0 0 0 0
0 0 0 0 0 0 0 0 0 0 0 0 0 0 0 0
0 0 0 0 0 0 0 0 0 0 0 0 0 0 0 0
0 0 0 0 0 0 0 0 0 0 0 0 0 0 0 0
0 0 0 0 0 0 0 0 0 0 0 0 0 0 0 0
0 0 0 0 0 0 0 0 0 0 0 0 0 0 0 0
0 0 0 0 0 0 0 0 0 0 0 0 0 0 0 0
0 0 0 0 0 0 0 0 0 0 0 0 0 0 0 0
0 0 0 0 0 0 0 0 0 0 0 0 0 0 0 0
0 0 0 0 0 0 0 0 0 0 0 0 0 0 0 0
0 0 0 0 0 0 0 0 0 0 0 0 0 0 0 0
0 0 0 0 0 0 0 0 0 0 0 0 0 0 0 0
0 0 0 0 0 0 0 0 0 0 0 0 0 0 0 0
45 128
-10.6875 -12.2500 -12.3125 -9.0625 -15.8125 -5.5625 10.8125 -9.6250 13.3125 -12.8750 -11.0625 11.4375 -10.7500 -4.5000 11.3125 -9.1875
8.3750 -4.5625 -10.5625 -11.4375 7.9375 10.8750 -11.0000 10.4375 -6.8125 -9.4375 7.0625 -8.5625 9.8750 -11.1250 8.1250 8.8125
9.6250 -14.0000 13.1250 8.6875 9.1875 15.6250 -11.1875 -7.5625 11.8750 10.3125 -8.0000 13.0000 -9.7500 9.0000 9.1250 11.3750
-8.7500 9.8125 7.5000 -6.6875 -10.5625 10.5625 13.7500 -12.8750 -9.6250 -9.8125 8.0625 10.1875 10.5000 11.0625 10.4375 -12.8125
-8.2500 -11.2500 -8.4375 -13.1875 -7.6250 -10.6875 11.6875 10.7500 8.6250 -10.2500 -8.1875 8.5625 -7.6250 -9.2500 10.4375 7.3125
5.5000 -9.5000 -8.0000 -11.3750 7.6250 9.1250 -10.5000 6.7500 -13.8750 -10.8750 10.0625 -6.6250 7.7500 -9.0625 4.3125 5.7500
13.0000 -7.6875 6.0000 6.4375 14.3125 9.3125 -9.3125 12.1250 9.5000 6.1875 -13.7500 15.8750 -6.4375 9.3750 10.3125 -9.2500
-10.6875 13.0625 11.0625 -9.1875 -9.1250 10.7500 9.4375 -10.6875 -6.2500 -10.6250 11.8125 8.5000 13.2500 9.3125 13.5625 -11.8125
0 0 0 0 0 0 0 0 0 0 0 0 0 0 0 0
0 0 0 0 0 0 0 0 0 0 0 0 0 0 0 0
0 0 0 0 0 0 0 0 0 0 0 0 0 0 0 0
0 0 0 0 0 0 0 0 0 0 0 0 0 0 0 0
0 0 0 0 0 0 0 0 0 0 0 0 0 0 0 0
0 0 0 0 0 0 0 0 0 0 0 0 0 0 0 0
0 0 0 0 0 0 0 0 0 0 0 0 0 0 0 0
0 0 0 0 0 0 0 0 0 0 0 0 0 0 0 0
0 0 0 0 0 0 0 0 0 0 0 0 0 0 0 0
0 0 0 0 0 0 0 0 0 0 0 0 0 0 0 0
0 0 0 0 0 0 0 0 0 0 0 0 0 0 0 0
0 0 0 0 0 0 0 0 0 0 0 0 0 0 0 0
0 0 0 0 0 0 0 0 0 0 0 0 0 0 0 0
0 0 0 0 0 0 0 0 0 0 0 0 0 0 0 0
0 0 0 0 0 0 0 0 0 0 0 0 0 0 0 0
0 0 0 0 0 0 0 0 0 0 0 0 0 0 0 0
0 0 0 0 0 0 0 0 0 0 0 0 0 0 0 0
0 0 0 0 0 0 0 0 0 0 0 0 0 0 0 0
0 0 0 0 0 0 0 0 0 0 0 0 0 0 0 0
0 0 0 0 0 0 0 0 0 0 0 0 0 0 0 0
0 0 0 0 0 0 0 0 0 0 0 0 0 0 0 0
0 0 0 0 0 0 0 0 0 0 0 0 0 0 0 0
0 0 0 0 0 0 0 0 0 0 0 0 0 0 0 0
0 0 0 0 0 0 0 0 0 0 0 0 0 0 0 0
45 128
-16.8750 -15.9375 -12.6250 -10.2500 -16.1250 -13.0625 10.6875 -9.8750 8.9375 -18.4375 -12.0625 9.0000 -17.8750 -16.0000 12.6875 -10.6875
10.5625 -15.0625 -15.7500 -13.1250 17.5625 11.8750 -14.6250 11.4375 -16.1875 -14.2500 14.6250 -16.0625 13.1250 -14.7500 10.2500 14.8125
14.5000 -14.3750 15.0625 12.6250 10.2500 16.3125 -13.3125 -16.7500 9.4375 14.3125 -6.0625 16.3125 -10.5000 12.6250 10.0625 12.9375
-11.3750 13.2500 12.0000 -7.5625 -11.1250 14.1875 13.9375 -13.0625 -13.5000 -13.1875 12.1250 14.3750 11.6250 14.4375 13.0000 -11.8750
-12.0000 -15.7500 -13.0000 -13.8125 -18.0000 -9.1875 13.8750 9.9375 13.8125 -15.1250 -8.5000 13.5000 -10.8125 -17.0625 13.6875 12.4375
19.1250 -6.6875 -15.4375 -16.2500 13.0625 13.1875 -13.1250 11.0000 -12.1250 -11.8125 12.8750 -15.9375 15.8125 -11.5625 12.6875 12.4375
13.4375 -9.5000 11.0625 15.2500 8.2500 13.9375 -12.3125 9.8125 12.6875 14.7500 -12.2500 15.5000 -15.9375 13.0000 14.4375 -12.3125
-11.3125 15.8125 13.6250 -15.5000 -13.2500 12.3125 11.3125 -10.3125 -11.3125 -11.4375 12.5000 10.9375 13.3125 11.0625 13.6875 -16.1250
0 0 0 0 0 0 0 0 0 0 0 0 0 0 0 0
0 0 0 0 0 0 0 0 0 0 0 0 0 0 0 0
0 0 0 0 0 0 0 0 0 0 0 0 0 0 0 0
0 0 0 0 0 0 0 0 0 0 0 0 0 0 0 0
0 0 0 0 0 0 0 0 0 0 0 0 0 0 0 0
0 0 0 0 0 0 0 0 0 0 0 0 0 0 0 0
0 0 0 0 0 0 0 0 0 0 0 0 0 0 0 0
0 0 0 0 0 0 0 0 0 0 0 0 0 0 0 0
0 0 0 0 0 0 0 0 0 0 0 0 0 0 0 0
0 0 0 0 0 0 0 0 0 0 0 0 0 0 0 0
0 0 0 0 0 0 0 0 0 0 0 0 0 0 0 0
0 0 0 0 0 0 0 0 0 0 0 0 0 0 0 0
0 0 0 0 0 0 0 0 0 0 0 0 0 0 0 0
0 0 0 0 0 0 0 0 0 0 0 0 0 0 0 0
0 0 0 0 0 0 0 0 0 0 0 0 0 0 0 0
0 0 0 0 0 0 0 0 0 0 0 0 0 0 0 0
0 0 0 0 0 0 0 0 0 0 0 0 0 0 0 0
0 0 0 0 0 0 0 0 0 0 0 0 0 0 0 0
0 0 0 0 0 0 0 0 0 0 0 0 0 0 0 0
0 0 0 0 0 0 0 0 0 0 0 0 0 0 0 0
0 0 0 0 0 0 0 0 0 0 0 0 0 0 0 0
0 0 0 0 0 0 0 0 0 0 0 0 0 0 0 0
0 0 0 0 0 0 0 0 0 0 0 0 0 0 0 0
0 0 0 0 0 0 0 0 0 0 0 0 0 0 0 0
46 128
13.0000 -11.3750 -7.5000 14.7500 -8.9375 -11.8750 7.0000 9.7500 -11.8750 -5.5625 -13.8125 10.0000 9.6875 -7.2500 9.0625 6.5000
-10.8750 -11.6875 8.2500 5.5000 10.8125 -11.0625 10.0000 -14.5000 -10.3125 10.3125 -10.1875 -11.9375 -15.0625 -11.3125 10.8750 -8.8750
14.4375 -7.7500 14.1875 12.6250 7.1250 -11.5000 6.8125 -13.3750 -11.3125 9.1875 6.6250 -7.1250 -11.5625 12.7500 10.0000 -7.4375
-8.1250 -9.0625 -11.3750 13.3125 -6.6250 11.0625 13.1250 -6.3750 -7.6875 12.3750 11.6875 -10.5000 9.6250 9.8125 8.6250 11.1250
11.9375 -7.5000 -9.8125 -11.0000 -10.2500 -10.0625 -12.5625 13.3750 -7.1875 -10.8125 -7.8750 -10.5000 10.7500 -11.3750 -7.2500 6.2500
-7.8125 -13.2500 10.5000 -11.3125 10.3750 -14.5625 -9.5625 -9.6875 -8.4375 8.9375 -6.0000 6.1875 -5.5000 -5.4375 -13.1250 -4.3750
10.6250 -10.5000 7.3750 -8.9375 9.6875 -12.4375 -8.8125 -10.1250 -10.7500 13.0000 10.6250 11.4375 -12.1875 11.3125 -7.3750 -9.6875
-12.7500 -11.5000 -13.6875 -9.0000 -13.3125 8.6875 -11.1875 -12.3125 -7.5000 8.6250 10.6250 8.1250 10.4375 6.5000 -6.1875 9.1875
0 0 0 0 0 0 0 0 0 0 0 0 0 0 0 0
0 0 0 0 0 0 0 0 0 0 0 0 0 0 0 0
0 0 0 0 0 0 0 0 0 0 0 0 0 0 0 0
0 0 0 0 0 0 0 0 0 0 0 0 0 0 0 0
0 0 0 0 0 0 0 0 0 0 0 0 0 0 0 0
0 0 0 0 0 0 0 0 0 0 0 0 0 0 0 0
0 0 0 0 0 0 0 0 0 0 0 0 0 0 0 0
0 0 0 0 0 0 0 0 0 0 0 0 0 0 0 0
0 0 0 0 0 0 0 0 0 0 0 0 0 0 0 0
0 0 0 0 0 0 0 0 0 0 0 0 0 0 0 0
0 0 0 0 0 0 0 0 0 0 0 0 0 0 0 0
0 0 0 0 0 0 0 0 0 0 0 0 0 0 0 0
0 0 0 0 0 0 0 0 0 0 0 0 0 0 0 0
0 0 0 0 0 0 0 0 0 0 0 0 0 0 0 0
0 0 0 0 0 0 0 0 0 0 0 0 0 0 0 0
0 0 0 0 0 0 0 0 0 0 0 0 0 0 0 0
0 0 0 0 0 0 0 0 0 0 0 0 0 0 0 0
0 0 0 0 0 0 0 0 0 0 0 0 0 0 0 0
0 0 0 0 0 0 0 0 0 0 0 0 0 0 0 0
0 0 0 0 0 0 0 0 0 0 0 0 0 0 0 0
0 0 0 0 0 0 0 0 0 0 0 0 0 0 0 0
0 0 0 0 0 0 0 0 0 0 0 0 0 0 0 0
0 0 0 0 0 0 0 0 0 0 0 0 0 0 0 0
0 0 0 0 0 0 0 0 0 0 0 0 0 0 0 0
46 128
12.3125 -16.6875 -12.1875 10.1875 -11.2500 -10.8750 11.0000 15.0000 -8.1875 -11.7500 -14.6875 14.8750 8.0000 -12.0625 9.1250 11.8125
-15.0625 -6.6875 11.5000 15.9375 4.1250 -11.7500 11.5000 -12.6875 -13.3750 11.6875 -8.6250 -10.1250 -11.2500 -13.0000 11.1875 -13.8750
17.8125 -14.4375 11.2500 12.5625 9.2500 -13.8750 11.9375 -14.0000 -16.3750 9.4375 14.9375 -12.5625 -13.4375 11.4375 14.1250 -12.1250
-11.2500 -12.1875 -11.7500 14.3125 -12.8125 11.8125 9.6875 -10.7500 -7.4375 13.2500 9.9375 -17.6250 7.8125 11.5625 12.5000 13.1250
11.8125 -14.5625 -11.6875 -15.1250 -14.1875 -12.8750 -12.3125 14.1250 -10.0000 -14.3125 -14.3125 -12.4375 10.5625 -12.6875 -11.5000 9.6875
-16.6875 -16.8750 13.5625 -13.9375 12.1250 -9.1250 -14.7500 -9.5625 -11.0625 16.7500 -12.5625 13.7500 -12.1875 -14.5000 -15.1875 -10.6250
11.3125 -14.6250 12.0625 -9.6875 15.6250 -16.6875 -14.0000 -12.8750 -13.4375 13.5000 9.3125 15.3750 -7.8125 16.9375 -11.6250 -11.8750
-12.0625 -14.7500 -13.5625 -13.4375 -13.9375 13.9375 -15.6250 -14.0000 -11.8750 9.1250 11.0000 13.6250 11.3125 11.8125 -12.5625 12.0000
0 0 0 0 0 0 0 0 0 0 0 0 0 0 0 0
0 0 0 0 0 0 0 0 0 0 0 0 0 0 0 0
0 0 0 0 0 0 0 0 0 0 0 0 0 0 0 0
0 0 0 0 0 0 0 0 0 0 0 0 0 0 0 0
0 0 0 0 0 0 0 0 0 0 0 0 0 0 0 0
0 0 0 0 0 0 0 0 0 0 0 0 0 0 0 0
0 0 0 0 0 0 0 0 0 0 0 0 0 0 0 0
0 0 0 0 0 0 0 0 0 0 0 0 0 0 0 0
0 0 0 0 0 0 0 0 0 0 0 0 0 0 0 0
0 0 0 0 0 0 0 0 0 0 0 0 0 0 0 0
0 0 0 0 0 0 0 0 0 0 0 0 0 0 0 0
0 0 0 0 0 0 0 0 0 0 0 0 0 0 0 0
0 0 0 0 0 0 0 0 0 0 0 0 0 0 0 0
0 0 0 0 0 0 0 0 0 0 0 0 0 0 0 0
0 0 0 0 0 0 0 0 0 0 0 0 0 0 0 0
0 0 0 0 0 0 0 0 0 0 0 0 0 0 0 0
0 0 0 0 0 0 0 0 0 0 0 0 0 0 0 0
0 0 0 0 0 0 0 0 0 0 0 0 0 0 0 0
0 0 0 0 0 0 0 0 0 0 0 0 0 0 0 0
0 0 0 0 0 0 0 0 0 0 0 0 0 0 0 0
0 0 0 0 0 0 0 0 0 0 0 0 0 0 0 0
0 0 0 0 0 0 0 0 0 0 0 0 0 0 0 0
0 0 0 0 0 0 0 0 0 0 0 0 0 0 0 0
0 0 0 0 0 0 0 0 0 0 0 0 0 0 0 0
47 128
11.8125 -11.2500 9.9375 -10.1875 10.6250 10.1875 -11.9375 -11.3750 -13.6250 14.2500 -8.6250 -11.5000 11.0000 8.0625 10.8750 8.5000
11.3750 10.2500 -13.0000 11.7500 12.8750 9.2500 -7.6875 11.9375 -8.2500 11.7500 7.3125 -9.7500 -8.3750 -11.2500 -11.1250 10.0625
12.1250 9.0000 -8.2500 7.1250 -10.2500 -9.1250 -11.3125 13.1875 7.0625 -9.1250 9.8125 10.1875 11.5625 -9.2500 9.5000 -8.6875
8.3125 9.3750 11.4375 9.3750 -10.8750 -5.7500 -11.9375 -10.4375 10.6250 -13.2500 -8.8750 11.9375 -9.1250 12.1875 -10.9375 -8.9375
11.1250 -6.0000 6.5625 -11.6875 10.0000 10.6250 -7.4375 -13.0625 -8.0000 15.1250 -6.1875 -7.0000 9.1250 8.0000 9.9375 12.1875
11.0625 8.5000 -10.8125 8.2500 9.5625 7.3125 -14.5625 14.0000 -13.5625 5.3750 12.5000 -7.6250 -8.5000 -8.5000 -10.2500 13.3750
12.4375 12.5000 -9.6875 13.2500 -9.6250 -11.0625 -10.2500 11.3750 15.1875 -11.1250 7.5625 10.6875 6.7500 -8.1875 9.8125 -12.3125
8.3125 12.0000 6.7500 9.8125 -9.2500 -9.8750 -7.8750 -10.1250 11.9375 -11.8750 -12.3750 7.7500 -9.6250 7.0000 -9.0625 -7.5625
0 0 0 0 0 0 0 0 0 0 0 0 0 0 0 0
0 0 0 0 0 0 0 0 0 0 0 0 0 0 0 0
0 0 0 0 0 0 0 0 0 0 0 0 0 0 0 0
0 0 0 0 0 0 0 0 0 0 0 0 0 0 0 0
0 0 0 0 0 0 0 0 0 0 0 0 0 0 0 0
0 0 0 0 0 0 0 0 0 0 0 0 0 0 0 0
0 0 0 0 0 0 0 0 0 0 0 0 0 0 0 0
0 0 0 0 0 0 0 0 0 0 0 0 0 0 0 0
0 0 0 0 0 0 0 0 0 0 0 0 0 0 0 0
0 0 0 0 0 0 0 0 0 0 0 0 0 0 0 0
0 0 0 0 0 0 0 0 0 0 0 0 0 0 0 0
0 0 0 0 0 0 0 0 0 0 0 0 0 0 0 0
0 0 0 0 0 0 0 0 0 0 0 0 0 0 0 0
0 0 0 0 0 0 0 0 0 0 0 0 0 0 0 0
0 0 0 0 0 0 0 0 0 0 0 0 0 0 0 0
0 0 0 0 0 0 0 0 0 0 0 0 0 0 0 0
0 0 0 0 0 0 0 0 0 0 0 0 0 0 0 0
0 0 0 0 0 0 0 0 0 0 0 0 0 0 0 0
0 0 0 0 0 0 0 0 0 0 0 0 0 0 0 0
0 0 0 0 0 0 0 0 0 0 0 0 0 0 0 0
0 0 0 0 0 0 0 0 0 0 0 0 0 0 0 0
0 0 0 0 0 0 0 0 0 0 0 0 0 0 0 0
0 0 0 0 0 0 0 0 0 0 0 0 0 0 0 0
0 0 0 0 0 0 0 0 0 0 0 0 0 0 0 0
47 128
15.5625 -8.4375 11.3750 -12.9375 12.5625 10.6875 -9.0625 -9.7500 -13.5000 9.2500 -14.4375 -14.7500 12.5625 10.3750 16.3750 12.1250
12.0625 10.0000 -16.6875 8.8750 14.3750 12.6250 -13.6875 16.0625 -9.5000 10.6875 12.1250 -11.4375 -13.2500 -14.1250 -10.1875 14.4375
16.7500 12.6250 -9.5625 11.3750 -17.5625 -10.1875 -15.7500 11.5000 11.2500 -15.3125 11.8750 9.2500 12.3125 -13.3125 12.8750 -15.5000
8.3750 12.0625 15.1250 12.2500 -6.0000 -13.5000 -14.9375 -12.9375 15.9375 -9.2500 -14.5625 12.8125 -14.6250 15.1875 -15.3750 -12.9375
11.8125 -13.8750 10.1250 -13.6250 13.3750 12.7500 -18.8750 -9.5000 -12.5000 7.0625 -14.8750 -13.6250 12.0625 11.1875 14.8750 10.3125
13.3750 13.8750 -13.0625 9.8750 11.5000 12.3750 -7.6875 11.6875 -12.5000 12.6250 13.0000 -10.7500 -13.0625 -11.4375 -16.0000 16.7500
13.3750 12.9375 -10.1250 12.8125 -12.5000 -15.5000 -11.1875 8.3750 11.3750 -13.9375 12.5000 14.0625 11.0000 -14.3750 10.7500 -13.0000
11.4375 11.2500 11.6875 12.3125 -13.3125 -10.4375 -10.5625 -14.0625 13.8750 -13.4375 -15.1875 13.4375 -13.1250 14.4375 -14.9375 -14.4375
0 0 0 0 0 0 0 0 0 0 0 0 0 0 0 0
0 0 0 0 0 0 0 0 0 0 0 0 0 0 0 0
0 0 0 0 0 0 0 0 0 0 0 0 0 0 0 0
0 0 0 0 0 0 0 0 0 0 0 0 0 0 0 0
0 0 0 0 0 0 0 0 0 0 0 0 0 0 0 0
0 0 0 0 0 0 0 0 0 0 0 0 0 0 0 0
0 0 0 0 0 0 0 0 0 0 0 0 0 0 0 0
0 0 0 0 0 0 0 0 0 0 0 0 0 0 0 0
0 0 0 0 0 0 0 0 0 0 0 0 0 0 0 0
0 0 0 0 0 0 0 0 0 0 0 0 0 0 0 0
0 0 0 0 0 0 0 0 0 0 0 0 0 0 0 0
0 0 0 0 0 0 0 0 0 0 0 0 0 0 0 0
0 0 0 0 0 0 0 0 0 0 0 0 0 0 0 0
0 0 0 0 0 0 0 0 0 0 0 0 0 0 0 0
0 0 0 0 0 0 0 0 0 0 0 0 0 0 0 0
0 0 0 0 0 0 0 0 0 0 0 0 0 0 0 0
0 0 0 0 0 0 0 0 0 0 0 0 0 0 0 0
0 0 0 0 0 0 0 0 0 0 0 0 0 0 0 0
0 0 0 0 0 0 0 0 0 0 0 0 0 0 0 0
0 0 0 0 0 0 0 0 0 0 0 0 0 0 0 0
0 0 0 0 0 0 0 0 0 0 0 0 0 0 0 0
0 0 0 0 0 0 0 0 0 0 0 0 0 0 0 0
0 0 0 0 0 0 0 0 0 0 0 0 0 0 0 0
0 0 0 0 0 0 0 0 0 0 0 0 0 0 0 0
48 128
10.0625 10.0625 7.8750 -9.8125 12.8125 -11.1250 -7.4375 7.4375 11.1250 -10.1250 -7.2500 -7.5000 8.3125 -7.1875 12.1250 11.4375
-6.1250 -11.0000 -14.8750 -9.4375 -13.5000 11.0625 -10.0000 7.2500 -8.1875 -9.3750 -11.6875 -9.1875 -5.5625 13.6875 -7.7500 -12.5625
-8.0000 -13.0625 -14.0625 14.4375 11.0000 -11.0625 -9.3125 14.8750 -8.9375 -10.3125 8.6250 9.7500 8.0000 -10.4375 8.0625 -8.3125
12.8750 6.1875 10.0625 12.4375 -9.0625 9.3750 -13.7500 9.3750 10.6250 10.4375 5.3125 -7.3750 -9.5625 8.3750 -12.1250 11.5000
11.6250 10.1250 6.0000 8.8125 9.5625 -12.1875 -10.5625 9.4375 10.3125 -11.5625 -9.9375 6.1875 9.3750 -13.1250 8.0625 13.1875
-11.5000 -9.2500 -9.6875 13.2500 -13.3125 8.5625 -10.8125 -10.5625 -9.8750 -12.1875 -13.5000 9.5625 -11.1875 10.6875 -10.5625 13.8125
-9.6875 -11.5000 -10.9375 -12.5000 10.6250 -11.1250 -8.8125 11.0625 -10.2500 -10.8125 11.0000 -10.5625 14.3125 -10.1250 10.1250 -10.6875
7.1250 9.6875 5.6250 -8.9375 -9.9375 8.7500 -7.8125 -11.3125 7.8125 8.4375 9.7500 8.0000 -8.1875 8.8125 -9.7500 -8.2500
0 0 0 0 0 0 0 0 0 0 0 0 0 0 0 0
0 0 0 0 0 0 0 0 0 0 0 0 0 0 0 0
0 0 0 0 0 0 0 0 0 0 0 0 0 0 0 0
0 0 0 0 0 0 0 0 0 0 0 0 0 0 0 0
0 0 0 0 0 0 0 0 0 0 0 0 0 0 0 0
0 0 0 0 0 0 0 0 0 0 0 0 0 0 0 0
0 0 0 0 0 0 0 0 0 0 0 0 0 0 0 0
0 0 0 0 0 0 0 0 0 0 0 0 0 0 0 0
0 0 0 0 0 0 0 0 0 0 0 0 0 0 0 0
0 0 0 0 0 0 0 0 0 0 0 0 0 0 0 0
0 0 0 0 0 0 0 0 0 0 0 0 0 0 0 0
0 0 0 0 0 0 0 0 0 0 0 0 0 0 0 0
0 0 0 0 0 0 0 0 0 0 0 0 0 0 0 0
0 0 0 0 0 0 0 0 0 0 0 0 0 0 0 0
0 0 0 0 0 0 0 0 0 0 0 0 0 0 0 0
0 0 0 0 0 0 0 0 0 0 0 0 0 0 0 0
0 0 0 0 0 0 0 0 0 0 0 0 0 0 0 0
0 0 0 0 0 0 0 0 0 0 0 0 0 0 0 0
0 0 0 0 0 0 0 0 0 0 0 0 0 0 0 0
0 0 0 0 0 0 0 0 0 0 0 0 0 0 0 0
0 0 0 0 0 0 0 0 0 0 0 0 0 0 0 0
0 0 0 0 0 0 0 0 0 0 0 0 0 0 0 0
0 0 0 0 0 0 0 0 0 0 0 0 0 0 0 0
0 0 0 0 0 0 0 0 0 0 0 0 0 0 0 0
48 128
16.5625 14.0625 10.8125 -12.7500 12.7500 -15.5625 -10.3125 12.4375 11.9375 -12.5625 -10.8750 -16.7500 14.3750 -12.5000 10.1875 9.4375
-10.8750 -11.4375 -11.5625 -16.1875 -12.7500 12.0000 -17.1250 11.0000 -11.9375 -18.0625 -8.6250 -14.6250 -13.6250 10.6250 -15.8125 -14.6875
-13.0000 -11.0000 -14.0000 15.1875 15.2500 -12.1250 -10.4375 12.5000 -10.5000 -13.3125 11.4375 10.6250 10.6875 -17.5625 12.2500 -14.1250
12.3125 7.2500 15.6875 15.4375 -15.7500 10.5000 -17.8125 10.1875 12.9375 13.3125 13.0000 -11.1875 -15.8125 13.9375 -8.2500 11.3750
14.5625 6.3750 15.6875 10.6875 13.3750 -11.8125 -7.5000 11.5625 11.5625 -15.5625 -12.0625 11.6250 12.6875 -12.6875 12.2500 8.5625
-8.4375 -15.8750 -11.4375 11.2500 -13.1250 12.3125 -11.7500 -10.3125 -12.9375 -14.1250 -16.4375 14.1875 -7.8125 10.0625 -11.0000 11.2500
-14.6875 -15.7500 -12.6250 -11.9375 10.3125 -11.3125 -13.0000 11.4375 -11.5625 -9.5000 14.0625 -15.1250 12.3125 -14.3125 12.0625 -15.8750
12.8750 11.6250 13.1250 -11.6875 -14.4375 15.1875 -15.0625 -13.0625 16.6250 15.6250 10.9375 15.1250 -11.5000 11.8750 -10.0000 -10.0000
0 0 0 0 0 0 0 0 0 0 0 0 0 0 0 0
0 0 0 0 0 0 0 0 0 0 0 0 0 0 0 0
0 0 0 0 0 0 0 0 0 0 0 0 0 0 0 0
0 0 0 0 0 0 0 0 0 0 0 0 0 0 0 0
0 0 0 0 0 0 0 0 0 0 0 0 0 0 0 0
0 0 0 0 0 0 0 0 0 0 0 0 0 0 0 0
0 0 0 0 0 0 0 0 0 0 0 0 0 0 0 0
0 0 0 0 0 0 0 0 0 0 0 0 0 0 0 0
0 0 0 0 0 0 0 0 0 0 0 0 0 0 0 0
0 0 0 0 0 0 0 0 0 0 0 0 0 0 0 0
0 0 0 0 0 0 0 0 0 0 0 0 0 0 0 0
0 0 0 0 0 0 0 0 0 0 0 0 0 0 0 0
0 0 0 0 0 0 0 0 0 0 0 0 0 0 0 0
0 0 0 0 0 0 0 0 0 0 0 0 0 0 0 0
0 0 0 0 0 0 0 0 0 0 0 0 0 0 0 0
0 0 0 0 0 0 0 0 0 0 0 0 0 0 0 0
0 0 0 0 0 0 0 0 0 0 0 0 0 0 0 0
0 0 0 0 0 0 0 0 0 0 0 0 0 0 0 0
0 0 0 0 0 0 0 0 0 0 0 0 0 0 0 0
0 0 0 0 0 0 0 0 0 0 0 0 0 0 0 0
0 0 0 0 0 0 0 0 0 0 0 0 0 0 0 0
0 0 0 0 0 0 0 0 0 0 0 0 0 0 0 0
0 0 0 0 0 0 0 0 0 0 0 0 0 0 0 0
0 0 0 0 0 0 0 0 0 0 0 0 0 0 0 0
49 128
-9.8125 6.6875 10.5000 -6.4375 -10.0000 8.4375 12.6250 -8.6250 10.1250 6.6875 7.1250 -11.5000 -12.3750 8.4375 -11.5625 9.4375
8.2500 13.3125 15.3125 -11.6250 9.3125 -9.1250 -8.7500 12.4375 -12.0625 -13.8750 8.1875 13.2500 7.5000 -7.5000 -8.8125 12.1250
-8.5000 8.6875 -4.9375 -15.2500 12.3750 7.0625 9.3750 5.8750 -9.8125 13.5625 14.8750 7.0000 -9.3750 12.9375 10.8125 -6.7500
11.4375 8.8125 -9.2500 -6.8750 -7.7500 12.1250 -11.5625 10.5625 6.6250 8.0625 9.1250 11.6875 12.1250 -10.8750 12.0000 -9.1875
-6.6250 -8.1250 7.5000 -10.0000 -13.3125 -7.5625 10.3125 9.1875 11.2500 -9.2500 10.8750 -11.8750 -9.6875 10.3125 -9.7500 10.6250
11.4375 -11.2500 7.0625 -9.3125 12.5000 7.6875 -7.1250 9.1250 -9.8125 8.7500 8.1875 10.4375 12.5000 -12.4375 -12.1250 -14.1250
-11.3750 -9.9375 -10.8125 -12.8125 12.6250 -9.7500 8.9375 -7.2500 -7.0625 -9.0000 8.2500 5.7500 -14.4375 11.1875 11.0625 -12.0625
10.5000 -9.0000 -11.0000 -8.3750 -9.6250 -12.0000 -7.8125 12.1250 9.4375 -12.1875 14.1250 10.9375 13.6250 -8.1250 7.8750 9.4375
0 0 0 0 0 0 0 0 0 0 0 0 0 0 0 0
0 0 0 0 0 0 0 0 0 0 0 0 0 0 0 0
0 0 0 0 0 0 0 0 0 0 0 0 0 0 0 0
0 0 0 0 0 0 0 0 0 0 0 0 0 0 0 0
0 0 0 0 0 0 0 0 0 0 0 0 0 0 0 0
0 0 0 0 0 0 0 0 0 0 0 0 0 0 0 0
0 0 0 0 0 0 0 0 0 0 0 0 0 0 0 0
0 0 0 0 0 0 0 0 0 0 0 0 0 0 0 0
0 0 0 0 0 0 0 0 0 0 0 0 0 0 0 0
0 0 0 0 0 0 0 0 0 0 0 0 0 0 0 0
0 0 0 0 0 0 0 0 0 0 0 0 0 0 0 0
0 0 0 0 0 0 0 0 0 0 0 0 0 0 0 0
0 0 0 0 0 0 0 0 0 0 0 0 0 0 0 0
0 0 0 0 0 0 0 0 0 0 0 0 0 0 0 0
0 0 0 0 0 0 0 0 0 0 0 0 0 0 0 0
0 0 0 0 0 0 0 0 0 0 0 0 0 0 0 0
0 0 0 0 0 0 0 0 0 0 0 0 0 0 0 0
0 0 0 0 0 0 0 0 0 0 0 0 0 0 0 0
0 0 0 0 0 0 0 0 0 0 0 0 0 0 0 0
0 0 0 0 0 0 0 0 0 0 0 0 0 0 0 0
0 0 0 0 0 0 0 0 0 0 0 0 0 0 0 0
0 0 0 0 0 0 0 0 0 0 0 0 0 0 0 0
0 0 0 0 0 0 0 0 0 0 0 0 0 0 0 0
0 0 0 0 0 0 0 0 0 0 0 0 0 0 0 0
49 128
-14.3125 13.9375 9.7500 -9.0000 -11.9375 12.9375 10.3750 -9.9375 15.1250 13.8750 13.3750 -13.5625 -9.9375 10.0000 -15.0625 12.3750
10.2500 15.7500 15.8750 -10.6250 11.9375 -14.6250 -8.2500 12.8750 -9.1250 -11.8125 14.0625 14.8750 14.3125 -9.8750 -16.5625 13.9375
-12.9375 13.9375 -14.1250 -14.7500 10.9375 12.3125 13.8750 14.3750 -11.4375 13.0625 16.2500 10.3750 -7.1875 11.6875 6.8750 -13.4375
9.3750 10.8750 -11.9375 -10.1250 -11.1875 9.4375 -16.8125 12.3750 16.0000 13.8125 17.3750 15.6875 14.4375 -11.0625 9.5000 -13.1875
-13.9375 -10.8750 7.2500 -13.8125 -10.8750 -10.5625 15.9375 12.0625 11.4375 -9.6250 15.7500 -12.7500 -15.0000 13.4375 -8.0625 12.8750
9.9375 -15.0625 8.7500 -16.4375 10.0000 11.1875 -12.5625 16.3125 -9.8125 12.3750 12.8750 12.8125 12.0625 -11.6250 -12.2500 -11.1250
-12.1250 -11.9375 -13.1875 -10.4375 12.8750 -11.6250 10.0000 -17.5000 -11.0000 -13.9375 9.7500 14.6250 -13.9375 15.0000 13.6250 -12.5625
12.6250 -10.3750 -12.8750 -14.2500 -10.3750 -14.0000 -12.9375 12.7500 10.8125 -11.2500 10.9375 8.6875 10.9375 -10.0625 11.5000 13.3750
0 0 0 0 0 0 0 0 0 0 0 0 0 0 0 0
0 0 0 0 0 0 0 0 0 0 0 0 0 0 0 0
0 0 0 0 0 0 0 0 0 0 0 0 0 0 0 0
0 0 0 0 0 0 0 0 0 0 0 0 0 0 0 0
0 0 0 0 0 0 0 0 0 0 0 0 0 0 0 0
0 0 0 0 0 0 0 0 0 0 0 0 0 0 0 0
0 0 0 0 0 0 0 0 0 0 0 0 0 0 0 0
0 0 0 0 0 0 0 0 0 0 0 0 0 0 0 0
0 0 0 0 0 0 0 0 0 0 0 0 0 0 0 0
0 0 0 0 0 0 0 0 0 0 0 0 0 0 0 0
0 0 0 0 0 0 0 0 0 0 0 0 0 0 0 0
0 0 0 0 0 0 0 0 0 0 0 0 0 0 0 0
0 0 0 0 0 0 0 0 0 0 0 0 0 0 0 0
0 0 0 0 0 0 0 0 0 0 0 0 0 0 0 0
0 0 0 0 0 0 0 0 0 0 0 0 0 0 0 0
0 0 0 0 0 0 0 0 0 0 0 0 0 0 0 0
0 0 0 0 0 0 0 0 0 0 0 0 0 0 0 0
0 0 0 0 0 0 0 0 0 0 0 0 0 0 0 0
0 0 0 0 0 0 0 0 0 0 0 0 0 0 0 0
0 0 0 0 0 0 0 0 0 0 0 0 0 0 0 0
0 0 0 0 0 0 0 0 0 0 0 0 0 0 0 0
0 0 0 0 0 0 0 0 0 0 0 0 0 0 0 0
0 0 0 0 0 0 0 0 0 0 0 0 0 0 0 0
0 0 0 0 0 0 0 0 0 0 0 0 0 0 0 0
50 128
-11.0625 9.1250 12.0000 7.1875 10.8750 6.5000 -11.9375 7.1250 -11.6250 -8.3125 -11.2500 10.9375 4.1250 12.0000 10.1250 -9.2500
-6.6250 -9.9375 -14.4375 13.8750 6.8750 15.0625 -8.1875 10.3125 11.6875 -12.7500 -11.8750 -6.3125 -9.7500 9.6875 7.5000 10.9375
7.0000 8.0625 -8.5625 9.8125 -10.5000 8.8125 8.3125 -9.9375 -7.9375 7.5000 -10.6250 10.0000 6.0625 10.0000 -11.4375 11.0000
10.8125 12.8750 13.3750 -13.7500 -6.6250 8.5000 11.3125 -11.5000 9.6250 -8.0625 -12.9375 8.1875 -11.6250 -10.0000 -14.6250 13.6250
-9.6250 8.7500 10.2500 8.6250 7.6875 11.9375 -12.5000 12.7500 -13.6875 -10.2500 -12.3750 12.5625 11.6250 9.5625 6.9375 -6.9375
-12.7500 -9.7500 -12.8750 8.2500 10.5625 11.6875 -12.1875 12.1875 12.6250 -14.3125 -7.9375 -8.1250 -12.9375 12.6875 10.7500 8.9375
14.8750 10.9375 -6.0625 10.1875 -11.5000 13.8750 6.1250 -10.0000 -9.6250 11.8750 -15.4375 10.5000 9.8750 9.6250 -10.1875 13.0625
6.7500 13.0000 4.5625 -9.6250 -12.1875 7.0000 8.3125 -8.6250 13.1250 -10.3750 -6.3125 10.1875 -5.7500 -12.6250 -9.8125 9.2500
0 0 0 0 0 0 0 0 0 0 0 0 0 0 0 0
0 0 0 0 0 0 0 0 0 0 0 0 0 0 0 0
0 0 0 0 0 0 0 0 0 0 0 0 0 0 0 0
0 0 0 0 0 0 0 0 0 0 0 0 0 0 0 0
0 0 0 0 0 0 0 0 0 0 0 0 0 0 0 0
0 0 0 0 0 0 0 0 0 0 0 0 0 0 0 0
0 0 0 0 0 0 0 0 0 0 0 0 0 0 0 0
0 0 0 0 0 0 0 0 0 0 0 0 0 0 0 0
0 0 0 0 0 0 0 0 0 0 0 0 0 0 0 0
0 0 0 0 0 0 0 0 0 0 0 0 0 0 0 0
0 0 0 0 0 0 0 0 0 0 0 0 0 0 0 0
0 0 0 0 0 0 0 0 0 0 0 0 0 0 0 0
0 0 0 0 0 0 0 0 0 0 0 0 0 0 0 0
0 0 0 0 0 0 0 0 0 0 0 0 0 0 0 0
0 0 0 0 0 0 0 0 0 0 0 0 0 0 0 0
0 0 0 0 0 0 0 0 0 0 0 0 0 0 0 0
0 0 0 0 0 0 0 0 0 0 0 0 0 0 0 0
0 0 0 0 0 0 0 0 0 0 0 0 0 0 0 0
0 0 0 0 0 0 0 0 0 0 0 0 0 0 0 0
0 0 0 0 0 0 0 0 0 0 0 0 0 0 0 0
0 0 0 0 0 0 0 0 0 0 0 0 0 0 0 0
0 0 0 0 0 0 0 0 0 0 0 0 0 0 0 0
0 0 0 0 0 0 0 0 0 0 0 0 0 0 0 0
0 0 0 0 0 0 0 0 0 0 0 0 0 0 0 0
50 128
-8.6875 12.7500 15.0625 8.6250 16.1875 11.3750 -9.0000 15.4375 -13.5625 -11.1875 -11.0000 15.7500 13.5000 13.9375 16.3125 -12.2500
-12.9375 -13.8125 -12.1250 13.1875 10.7500 13.1875 -9.4375 9.3750 13.3750 -8.6875 -11.6875 -15.3750 -10.6875 15.0000 14.4375 10.3125
12.6250 17.8125 -9.8125 11.6250 -10.3750 15.1875 12.9375 -15.4375 -12.3125 10.2500 -10.9375 9.2500 16.7500 13.7500 -12.1250 8.2500
11.5000 13.0000 10.8125 -10.8750 -11.6250 12.0000 13.6250 -11.0000 13.1875 -15.5625 -13.8750 13.1250 -11.3750 -14.2500 -12.2500 14.4375
-15.8750 12.4375 14.9375 8.8750 13.7500 10.8125 -13.0000 14.7500 -14.3750 -11.4375 -12.5000 12.8125 11.7500 11.5000 14.2500 -13.4375
-11.1250 -10.5625 -10.8750 13.2500 14.0000 13.5000 -11.7500 13.5625 12.3125 -16.0000 -13.3750 -14.2500 -10.0000 12.1250 14.3750 14.3125
15.5625 15.0000 -12.8750 10.9375 -9.1250 11.7500 14.0625 -14.3125 -12.1875 11.1250 -11.6250 13.7500 14.4375 12.0000 -10.6875 13.7500
17.0000 10.2500 17.0000 -12.3125 -10.3125 12.3750 13.7500 -13.9375 11.8125 -8.5625 -16.1875 13.1250 -11.3750 -16.0000 -12.8125 11.0625
0 0 0 0 0 0 0 0 0 0 0 0 0 0 0 0
0 0 0 0 0 0 0 0 0 0 0 0 0 0 0 0
0 0 0 0 0 0 0 0 0 0 0 0 0 0 0 0
0 0 0 0 0 0 0 0 0 0 0 0 0 0 0 0
0 0 0 0 0 0 0 0 0 0 0 0 0 0 0 0
0 0 0 0 0 0 0 0 0 0 0 0 0 0 0 0
0 0 0 0 0 0 0 0 0 0 0 0 0 0 0 0
0 0 0 0 0 0 0 0 0 0 0 0 0 0 0 0
0 0 0 0 0 0 0 0 0 0 0 0 0 0 0 0
0 0 0 0 0 0 0 0 0 0 0 0 0 0 0 0
0 0 0 0 0 0 0 0 0 0 0 0 0 0 0 0
0 0 0 0 0 0 0 0 0 0 0 0 0 0 0 0
0 0 0 0 0 0 0 0 0 0 0 0 0 0 0 0
0 0 0 0 0 0 0 0 0 0 0 0 0 0 0 0
0 0 0 0 0 0 0 0 0 0 0 0 0 0 0 0
0 0 0 0 0 0 0 0 0 0 0 0 0 0 0 0
0 0 0 0 0 0 0 0 0 0 0 0 0 0 0 0
0 0 0 0 0 0 0 0 0 0 0 0 0 0 0 0
0 0 0 0 0 0 0 0 0 0 0 0 0 0 0 0
0 0 0 0 0 0 0 0 0 0 0 0 0 0 0 0
0 0 0 0 0 0 0 0 0 0 0 0 0 0 0 0
0 0 0 0 0 0 0 0 0 0 0 0 0 0 0 0
0 0 0 0 0 0 0 0 0 0 0 0 0 0 0 0
0 0 0 0 0 0 0 0 0 0 0 0 0 0 0 0
51 128
7.5000 10.5625 6.1875 9.6875 10.0000 12.6875 -12.8125 10.1875 -7.1250 8.8125 8.1250 -10.2500 -6.1250 4.8750 -9.0625 -9.6250
-8.1250 12.0625 -9.8750 -8.1875 -9.4375 11.7500 -12.6875 9.3125 8.5000 14.4375 -11.8125 8.0625 -14.8750 9.6250 11.3125 -9.0000
-11.5000 -12.2500 6.4375 12.6250 9.3750 -9.4375 10.4375 8.5625 -9.0625 7.1875 11.3125 7.8125 9.5625 -14.1250 -10.8750 5.3750
8.3125 -9.1250 -12.1250 12.4375 -12.3750 10.6875 10.6875 8.3125 13.0625 11.9375 -6.9375 11.6250 11.5000 -11.3125 12.4375 -8.0625
5.5000 10.7500 5.8750 7.6250 14.3125 9.3750 7.9375 -8.6250 -14.8750 9.3125 11.0625 -7.8750 -10.1250 -11.2500 8.4375 -6.3750
-13.0625 10.0000 -10.0625 -6.8125 -9.7500 11.3750 10.0625 -10.3125 11.5625 11.1875 -10.9375 9.2500 -11.6250 -9.6250 -12.0000 -11.3125
-10.2500 -13.0625 6.6250 11.5625 9.9375 -10.3125 -12.5000 -12.5625 -11.0000 10.6875 12.7500 8.1250 7.8750 10.4375 11.3125 7.6875
13.0625 -10.8125 -11.4375 8.1250 -11.1250 15.5000 -7.8125 -12.0625 12.8125 9.0625 -8.9375 13.2500 11.9375 9.3750 -9.4375 -9.0000
0 0 0 0 0 0 0 0 0 0 0 0 0 0 0 0
0 0 0 0 0 0 0 0 0 0 0 0 0 0 0 0
0 0 0 0 0 0 0 0 0 0 0 0 0 0 0 0
0 0 0 0 0 0 0 0 0 0 0 0 0 0 0 0
0 0 0 0 0 0 0 0 0 0 0 0 0 0 0 0
0 0 0 0 0 0 0 0 0 0 0 0 0 0 0 0
0 0 0 0 0 0 0 0 0 0 0 0 0 0 0 0
0 0 0 0 0 0 0 0 0 0 0 0 0 0 0 0
0 0 0 0 0 0 0 0 0 0 0 0 0 0 0 0
0 0 0 0 0 0 0 0 0 0 0 0 0 0 0 0
0 0 0 0 0 0 0 0 0 0 0 0 0 0 0 0
0 0 0 0 0 0 0 0 0 0 0 0 0 0 0 0
0 0 0 0 0 0 0 0 0 0 0 0 0 0 0 0
0 0 0 0 0 0 0 0 0 0 0 0 0 0 0 0
0 0 0 0 0 0 0 0 0 0 0 0 0 0 0 0
0 0 0 0 0 0 0 0 0 0 0 0 0 0 0 0
0 0 0 0 0 0 0 0 0 0 0 0 0 0 0 0
0 0 0 0 0 0 0 0 0 0 0 0 0 0 0 0
0 0 0 0 0 0 0 0 0 0 0 0 0 0 0 0
0 0 0 0 0 0 0 0 0 0 0 0 0 0 0 0
0 0 0 0 0 0 0 0 0 0 0 0 0 0 0 0
0 0 0 0 0 0 0 0 0 0 0 0 0 0 0 0
0 0 0 0 0 0 0 0 0 0 0 0 0 0 0 0
0 0 0 0 0 0 0 0 0 0 0 0 0 0 0 0
51 128
12.5000 12.7500 11.5000 11.5000 10.3125 9.9375 -19.8750 14.1250 -13.0625 13.1875 13.4375 -13.0625 -10.0625 15.1250 -12.5000 -8.8750
-12.1875 9.2500 -11.8750 -14.6250 -17.7500 9.8750 -12.4375 14.0625 12.8125 15.7500 -16.5625 7.8125 -11.8750 10.5000 13.0000 -14.8750
-13.8125 -11.6875 11.7500 13.1875 13.0625 -6.3125 11.8750 14.3750 -14.0625 7.5625 11.9375 13.5000 13.5000 -10.8125 -11.1875 13.9375
12.8750 -14.7500 -16.0000 10.6875 -15.7500 11.5625 13.8125 11.4375 11.1875 12.3750 -15.6875 13.3125 8.5000 -13.3750 15.3750 -10.6875
15.3125 11.5000 14.8750 11.3125 13.8125 16.9375 13.7500 -14.2500 -12.9375 6.3750 13.0000 -13.5000 -12.8125 -9.3125 11.9375 -13.3750
-11.6875 9.7500 -13.8125 -12.1875 -10.1875 14.2500 11.5625 -14.5625 13.3750 17.4375 -11.5625 11.9375 -11.3750 -12.7500 -11.7500 -15.1875
-13.8125 -9.6875 6.3750 15.5625 15.8125 -13.0000 -14.6875 -10.3125 -13.3125 11.1875 10.3750 13.3750 9.5625 13.0000 14.6250 15.5000
15.1875 -12.3750 -11.1250 10.8750 -9.8750 12.8125 -11.3125 -14.1250 12.1875 11.7500 -10.6250 9.5625 13.1875 15.5000 -13.3750 -9.1875
0 0 0 0 0 0 0 0 0 0 0 0 0 0 0 0
0 0 0 0 0 0 0 0 0 0 0 0 0 0 0 0
0 0 0 0 0 0 0 0 0 0 0 0 0 0 0 0
0 0 0 0 0 0 0 0 0 0 0 0 0 0 0 0
0 0 0 0 0 0 0 0 0 0 0 0 0 0 0 0
0 0 0 0 0 0 0 0 0 0 0 0 0 0 0 0
0 0 0 0 0 0 0 0 0 0 0 0 0 0 0 0
0 0 0 0 0 0 0 0 0 0 0 0 0 0 0 0
0 0 0 0 0 0 0 0 0 0 0 0 0 0 0 0
0 0 0 0 0 0 0 0 0 0 0 0 0 0 0 0
0 0 0 0 0 0 0 0 0 0 0 0 0 0 0 0
0 0 0 0 0 0 0 0 0 0 0 0 0 0 0 0
0 0 0 0 0 0 0 0 0 0 0 0 0 0 0 0
0 0 0 0 0 0 0 0 0 0 0 0 0 0 0 0
0 0 0 0 0 0 0 0 0 0 0 0 0 0 0 0
0 0 0 0 0 0 0 0 0 0 0 0 0 0 0 0
0 0 0 0 0 0 0 0 0 0 0 0 0 0 0 0
0 0 0 0 0 0 0 0 0 0 0 0 0 0 0 0
0 0 0 0 0 0 0 0 0 0 0 0 0 0 0 0
0 0 0 0 0 0 0 0 0 0 0 0 0 0 0 0
0 0 0 0 0 0 0 0 0 0 0 0 0 0 0 0
0 0 0 0 0 0 0 0 0 0 0 0 0 0 0 0
0 0 0 0 0 0 0 0 0 0 0 0 0 0 0 0
0 0 0 0 0 0 0 0 0 0 0 0 0 0 0 0
52 128
-13.0000 11.8125 -12.7500 12.3125 13.5625 13.2500 10.7500 9.3750 6.7500 -8.4375 12.4375 -8.0000 -9.0000 -7.2500 10.7500 -9.5000
-8.5000 7.3750 -7.3750 -12.8125 5.8750 -10.5625 8.2500 -8.6875 7.3750 -9.1250 -13.6250 -10.1875 11.9375 10.8125 -10.2500 11.8750
9.0625 -8.0625 -11.6250 -11.2500 -12.1875 12.3125 10.6250 10.8750 9.5625 -13.3750 8.8750 12.1875 -8.0000 -11.0625 -2.3750 -9.2500
9.3125 -10.4375 -12.1875 -6.5625 -11.5000 12.5625 10.5625 -12.6875 7.9375 -8.5625 -7.3750 -12.3125 8.4375 10.4375 -11.9375 7.9375
-11.6875 -13.4375 -10.6875 -14.5000 6.9375 -7.7500 11.6250 5.3750 11.1250 7.0000 9.0625 11.4375 11.8125 -11.3750 -13.8750 9.8750
-9.5625 -10.8750 -12.8125 9.2500 12.8750 8.8750 8.3750 11.6250 11.3750 8.5000 -8.4375 10.1250 10.0625 -16.0625 -13.9375 -10.3750
8.5625 8.4375 -5.1250 12.0625 -9.5000 -10.0000 12.3125 10.5000 8.6875 10.1875 8.3125 -9.5625 10.7500 -8.7500 7.1250 10.8750
12.4375 12.4375 -10.6875 14.5625 -10.1875 -12.8125 11.8750 7.1875 9.5625 8.9375 -11.5625 11.5000 11.1875 -10.4375 -10.5000 -13.0000
0 0 0 0 0 0 0 0 0 0 0 0 0 0 0 0
0 0 0 0 0 0 0 0 0 0 0 0 0 0 0 0
0 0 0 0 0 0 0 0 0 0 0 0 0 0 0 0
0 0 0 0 0 0 0 0 0 0 0 0 0 0 0 0
0 0 0 0 0 0 0 0 0 0 0 0 0 0 0 0
0 0 0 0 0 0 0 0 0 0 0 0 0 0 0 0
0 0 0 0 0 0 0 0 0 0 0 0 0 0 0 0
0 0 0 0 0 0 0 0 0 0 0 0 0 0 0 0
0 0 0 0 0 0 0 0 0 0 0 0 0 0 0 0
0 0 0 0 0 0 0 0 0 0 0 0 0 0 0 0
0 0 0 0 0 0 0 0 0 0 0 0 0 0 0 0
0 0 0 0 0 0 0 0 0 0 0 0 0 0 0 0
0 0 0 0 0 0 0 0 0 0 0 0 0 0 0 0
0 0 0 0 0 0 0 0 0 0 0 0 0 0 0 0
0 0 0 0 0 0 0 0 0 0 0 0 0 0 0 0
0 0 0 0 0 0 0 0 0 0 0 0 0 0 0 0
0 0 0 0 0 0 0 0 0 0 0 0 0 0 0 0
0 0 0 0 0 0 0 0 0 0 0 0 0 0 0 0
0 0 0 0 0 0 0 0 0 0 0 0 0 0 0 0
0 0 0 0 0 0 0 0 0 0 0 0 0 0 0 0
0 0 0 0 0 0 0 0 0 0 0 0 0 0 0 0
0 0 0 0 0 0 0 0 0 0 0 0 0 0 0 0
0 0 0 0 0 0 0 0 0 0 0 0 0 0 0 0
0 0 0 0 0 0 0 0 0 0 0 0 0 0 0 0
52 128
-10.3750 10.7500 -13.3750 8.2500 12.1250 13.6250 8.0000 11.3125 7.6250 -9.1250 13.5625 -13.6875 -13.1250 -15.2500 19.5000 -14.3750
-12.6875 14.1875 -12.9375 -10.7500 14.0000 -11.6250 12.3125 -13.6250 15.6250 -11.3750 -14.8125 -14.3750 10.8125 13.5000 -14.6250 16.0625
12.4375 -7.2500 -12.1875 -14.6875 -12.1250 15.3750 11.0625 10.1875 12.0625 -11.1250 13.5625 11.5000 -10.9375 -12.5625 -12.9375 -16.4375
19.3750 -12.6875 -13.2500 -12.0625 -11.3750 13.3750 12.6250 -10.3125 16.1250 -15.4375 -14.6875 -11.5000 11.3125 15.0000 -10.5625 9.8125
-16.1250 -13.3750 -10.3125 -14.9375 15.3750 -12.3125 10.6875 16.1875 11.6250 11.6250 10.1875 15.5625 10.1875 -10.5625 -15.5625 11.3125
-11.5000 -13.9375 -9.1250 15.6250 11.1875 9.5625 12.2500 12.0625 12.9375 12.3750 -13.2500 11.3750 13.1875 -13.4375 -12.8750 -14.4375
14.3125 9.9375 -13.8125 11.3125 -14.1875 -10.7500 18.3125 13.3750 12.6875 11.8750 11.3125 -14.0625 11.6875 -13.4375 8.3125 9.8750
13.6250 9.2500 -15.6875 11.1875 -11.3125 -12.8125 3.5625 11.8125 12.6250 15.2500 -15.3125 11.3750 11.3125 -11.3750 -10.6250 -15.1250
0 0 0 0 0 0 0 0 0 0 0 0 0 0 0 0
0 0 0 0 0 0 0 0 0 0 0 0 0 0 0 0
0 0 0 0 0 0 0 0 0 0 0 0 0 0 0 0
0 0 0 0 0 0 0 0 0 0 0 0 0 0 0 0
0 0 0 0 0 0 0 0 0 0 0 0 0 0 0 0
0 0 0 0 0 0 0 0 0 0 0 0 0 0 0 0
0 0 0 0 0 0 0 0 0 0 0 0 0 0 0 0
0 0 0 0 0 0 0 0 0 0 0 0 0 0 0 0
0 0 0 0 0 0 0 0 0 0 0 0 0 0 0 0
0 0 0 0 0 0 0 0 0 0 0 0 0 0 0 0
0 0 0 0 0 0 0 0 0 0 0 0 0 0 0 0
0 0 0 0 0 0 0 0 0 0 0 0 0 0 0 0
0 0 0 0 0 0 0 0 0 0 0 0 0 0 0 0
0 0 0 0 0 0 0 0 0 0 0 0 0 0 0 0
0 0 0 0 0 0 0 0 0 0 0 0 0 0 0 0
0 0 0 0 0 0 0 0 0 0 0 0 0 0 0 0
0 0 0 0 0 0 0 0 0 0 0 0 0 0 0 0
0 0 0 0 0 0 0 0 0 0 0 0 0 0 0 0
0 0 0 0 0 0 0 0 0 0 0 0 0 0 0 0
0 0 0 0 0 0 0 0 0 0 0 0 0 0 0 0
0 0 0 0 0 0 0 0 0 0 0 0 0 0 0 0
0 0 0 0 0 0 0 0 0 0 0 0 0 0 0 0
0 0 0 0 0 0 0 0 0 0 0 0 0 0 0 0
0 0 0 0 0 0 0 0 0 0 0 0 0 0 0 0
53 128
-9.0625 7.9375 -9.3125 -10.3125 -9.1250 7.8750 7.8750 11.6875 8.8750 -8.4375 -11.1250 -8.0625 9.1250 -10.3750 11.8125 -8.6875
8.2500 -11.0000 -10.1250 -14.1875 8.3125 -10.8125 -7.2500 10.0625 -9.8750 -11.5000 -9.5000 9.3125 9.4375 -11.6250 12.5000 12.3125
-11.2500 -7.6250 -9.5625 -7.5625 -6.6875 -9.4375 -9.6250 -8.9375 -7.0625 -6.8750 -8.1250 -7.6875 -11.6875 -7.6250 8.6250 11.1875
12.5000 -11.3125 -11.5625 -11.0000 10.4375 10.5000 -10.0000 -10.6875 9.8125 13.7500 -12.1875 9.4375 -11.2500 12.0000 8.8125 -10.1250
-12.4375 -9.5625 -9.3750 -14.5000 -7.5625 -8.0000 -5.3750 -12.5625 11.3750 7.0000 -11.9375 -16.7500 -12.5000 9.1875 14.5000 9.0625
11.5000 9.2500 -8.6875 -10.0625 13.8750 10.1250 9.6250 9.7500 -7.4375 8.7500 -14.0000 15.1875 8.6875 -9.1875 -10.8125 -8.0000
-9.9375 6.1250 -10.1875 -6.8750 -13.2500 9.8125 9.7500 10.6250 -8.9375 14.0000 -10.4375 -10.0625 8.4375 7.6875 8.9375 -9.1250
7.0625 9.0000 -11.6250 -10.6875 5.6250 -11.9375 9.7500 -6.8750 6.1250 -12.3750 -12.3125 11.3750 -10.1875 8.6250 -10.8125 10.0625
0 0 0 0 0 0 0 0 0 0 0 0 0 0 0 0
0 0 0 0 0 0 0 0 0 0 0 0 0 0 0 0
0 0 0 0 0 0 0 0 0 0 0 0 0 0 0 0
0 0 0 0 0 0 0 0 0 0 0 0 0 0 0 0
0 0 0 0 0 0 0 0 0 0 0 0 0 0 0 0
0 0 0 0 0 0 0 0 0 0 0 0 0 0 0 0
0 0 0 0 0 0 0 0 0 0 0 0 0 0 0 0
0 0 0 0 0 0 0 0 0 0 0 0 0 0 0 0
0 0 0 0 0 0 0 0 0 0 0 0 0 0 0 0
0 0 0 0 0 0 0 0 0 0 0 0 0 0 0 0
0 0 0 0 0 0 0 0 0 0 0 0 0 0 0 0
0 0 0 0 0 0 0 0 0 0 0 0 0 0 0 0
0 0 0 0 0 0 0 0 0 0 0 0 0 0 0 0
0 0 0 0 0 0 0 0 0 0 0 0 0 0 0 0
0 0 0 0 0 0 0 0 0 0 0 0 0 0 0 0
0 0 0 0 0 0 0 0 0 0 0 0 0 0 0 0
0 0 0 0 0 0 0 0 0 0 0 0 0 0 0 0
0 0 0 0 0 0 0 0 0 0 0 0 0 0 0 0
0 0 0 0 0 0 0 0 0 0 0 0 0 0 0 0
0 0 0 0 0 0 0 0 0 0 0 0 0 0 0 0
0 0 0 0 0 0 0 0 0 0 0 0 0 0 0 0
0 0 0 0 0 0 0 0 0 0 0 0 0 0 0 0
0 0 0 0 0 0 0 0 0 0 0 0 0 0 0 0
0 0 0 0 0 0 0 0 0 0 0 0 0 0 0 0
53 128
-11.8750 12.0000 -11.5000 -12.1875 -15.0000 16.6250 11.8125 11.7500 12.5000 -11.7500 -12.8125 -13.2500 12.8125 -14.1875 11.6875 -9.5000
10.6250 -11.8750 -13.4375 -15.0000 12.2500 -10.7500 -12.2500 9.3125 -13.6875 -9.5000 -16.2500 15.8125 14.1875 -13.0000 16.3750 16.5000
-14.0625 -13.5625 -12.1250 -15.1250 -7.9375 -8.7500 -13.2500 -16.2500 -13.2500 -15.0000 -10.2500 -12.6875 -11.3750 -13.5625 11.2500 12.6875
9.0625 -12.6250 -11.5000 -9.7500 12.2500 16.7500 -16.0625 -12.7500 9.1875 8.5000 -11.1875 11.6875 -11.7500 11.0000 13.8750 -11.5000
-10.0000 -8.3750 -14.8125 -13.5000 -10.0625 -10.6875 -15.8125 -14.8125 10.8750 13.9375 -13.5000 -12.0625 -9.6250 13.8750 11.7500 12.7500
11.7500 10.5625 -15.0625 -11.6250 13.3750 11.9375 12.4375 14.1875 -10.5000 13.5625 -10.6250 12.4375 14.5625 -13.3125 -14.1250 -8.9375
-14.8125 10.1250 -11.2500 -15.8125 -13.9375 13.9375 11.3750 11.8750 -14.5625 15.6250 -8.8125 -13.1250 10.1875 13.0625 13.3125 -12.4375
14.6875 12.6250 -13.4375 -10.6250 11.0000 -13.6875 13.0625 -9.2500 14.5625 -8.4375 -15.1875 14.3750 -14.5625 15.2500 -11.7500 14.3125
0 0 0 0 0 0 0 0 0 0 0 0 0 0 0 0
0 0 0 0 0 0 0 0 0 0 0 0 0 0 0 0
0 0 0 0 0 0 0 0 0 0 0 0 0 0 0 0
0 0 0 0 0 0 0 0 0 0 0 0 0 0 0 0
0 0 0 0 0 0 0 0 0 0 0 0 0 0 0 0
0 0 0 0 0 0 0 0 0 0 0 0 0 0 0 0
0 0 0 0 0 0 0 0 0 0 0 0 0 0 0 0
0 0 0 0 0 0 0 0 0 0 0 0 0 0 0 0
0 0 0 0 0 0 0 0 0 0 0 0 0 0 0 0
0 0 0 0 0 0 0 0 0 0 0 0 0 0 0 0
0 0 0 0 0 0 0 0 0 0 0 0 0 0 0 0
0 0 0 0 0 0 0 0 0 0 0 0 0 0 0 0
0 0 0 0 0 0 0 0 0 0 0 0 0 0 0 0
0 0 0 0 0 0 0 0 0 0 0 0 0 0 0 0
0 0 0 0 0 0 0 0 0 0 0 0 0 0 0 0
0 0 0 0 0 0 0 0 0 0 0 0 0 0 0 0
0 0 0 0 0 0 0 0 0 0 0 0 0 0 0 0
0 0 0 0 0 0 0 0 0 0 0 0 0 0 0 0
0 0 0 0 0 0 0 0 0 0 0 0 0 0 0 0
0 0 0 0 0 0 0 0 0 0 0 0 0 0 0 0
0 0 0 0 0 0 0 0 0 0 0 0 0 0 0 0
0 0 0 0 0 0 0 0 0 0 0 0 0 0 0 0
0 0 0 0 0 0 0 0 0 0 0 0 0 0 0 0
0 0 0 0 0 0 0 0 0 0 0 0 0 0 0 0
